1.0 0.11363636363636363 0.0779816513761468 0.13526570048309178 0.08677685950413223 0.048034934497816595 0.09345794392523364 0.1285140562248996 0.3854748603351955 0.17180616740088106 0.07048458149779736 0.09349593495934959 0.23963133640552994 0.04392764857881137 0.061371841155234655 0.04081632653061224 0.09917355371900827 0.06198347107438017 0.028 0.06779661016949153 0.048034934497816595 0.08366533864541832 0.08071748878923767 0.037037037037037035 0.0752212389380531 0.03686635944700461 0.04142011834319527 0.05660377358490566 0.03317535545023697 0.026515151515151516 0.026845637583892617 0.0576271186440678 0.031413612565445025 0.03529411764705882 0.07723577235772358 0.06837606837606838 0.0796812749003984 0.06837606837606838 0.07450980392156863 0.027777777777777776 0.03816793893129771 0.030837004405286344 0.05555555555555555 0.044534412955465584 0.0989399293286219 0.08370044052863436 0.050980392156862744 0.05517241379310345 0.02922077922077922 0.06884057971014493 0.03007518796992481 0.06382978723404255 0.07630522088353414 0.02702702702702703
0.11363636363636363 1.0 0.1065989847715736 0.46308724832214765 0.1941747572815534 0.07729468599033816 0.13020833333333334 0.08196721311475409 0.32 0.08260869565217391 0.1188118811881188 0.06329113924050633 0.06779661016949153 0.05737704918032787 0.09486166007905138 0.0446927374301676 0.06866952789699571 0.08597285067873303 0.043478260869565216 0.12440191387559808 0.07729468599033816 0.1643835616438356 0.09803921568627451 0.03468208092485549 0.0970873786407767 0.0297029702970297 0.0392156862745098 0.09583333333333334 0.03076923076923077 0.049586776859504134 0.039568345323741004 0.07272727272727272 0.034482758620689655 0.052980132450331126 0.06896551724137931 0.10952380952380952 0.13392857142857142 0.10952380952380952 0.14222222222222222 0.03418803418803419 0.024096385542168676 0.03333333333333333 0.12133891213389121 0.05240174672489083 0.072992700729927 0.28651685393258425 0.08189655172413793 0.07835820895522388 0.034482758620689655 0.10317460317460317 0.04048582995951417 0.07373271889400922 0.11555555555555555 0.04216867469879518
0.0779816513761468 0.1065989847715736 1.0 0.10638297872340426 0.09259259259259259 0.065 0.38 0.05394190871369295 0.09950248756218906 0.04824561403508772 0.09090909090909091 0.06607929515418502 0.056768558951965066 0.03571428571428571 0.07661290322580645 0.03508771929824561 0.07174887892376682 0.47435897435897434 0.0502283105022831 0.07655502392344497 0.065 0.07929515418502203 0.08080808080808081 0.049689440993788817 0.35 0.03664921465968586 0.06428571428571428 0.0811965811965812 0.03804347826086957 0.05627705627705628 0.0648854961832061 0.06741573033707865 0.036585365853658534 0.07194244604316546 0.0867579908675799 0.08780487804878048 0.08444444444444445 0.08780487804878048 0.0881057268722467 0.04035874439461883 0.0425531914893617 0.05612244897959184 0.075 0.0547945205479452 0.14979757085020243 0.08955223880597014 0.07589285714285714 0.0648854961832061 0.03942652329749104 0.08064516129032258 0.07391304347826087 0.0825242718446602 0.15311004784688995 0.025157232704402517
0.13526570048309178 0.46308724832214765 0.10638297872340426 1.0 0.20408163265306123 0.065 0.22485207100591717 0.08547008547008547 0.15706806282722513 0.091324200913242 0.11917098445595854 0.07555555555555556 0.07555555555555556 0.0443213296398892 0.08979591836734693 0.03508771929824561 0.08636363636363636 0.08490566037735849 0.03139013452914798 0.15979381443298968 0.065 0.15566037735849056 0.10309278350515463 0.043209876543209874 0.09090909090909091 0.020618556701030927 0.034722222222222224 0.1 0.026881720430107527 0.06550218340611354 0.03333333333333333 0.07954545454545454 0.024096385542168676 0.04929577464788732 0.07692307692307693 0.115 0.12442396313364056 0.115 0.13302752293577982 0.02654867256637168 0.02510460251046025 0.04020100502512563 0.1072961373390558 0.05 0.1225296442687747 0.15263157894736842 0.08071748878923767 0.09411764705882353 0.03571428571428571 0.102880658436214 0.03347280334728033 0.06698564593301436 0.18719211822660098 0.03821656050955414
0.08677685950413223 0.1941747572815534 0.09259259259259259 0.20408163265306123 1.0 0.07589285714285714 0.08294930875576037 0.07633587786259542 0.10666666666666667 0.08097165991902834 0.12962962962962962 0.058823529411764705 0.06299212598425197 0.04113110539845758 0.17063492063492064 0.03535353535353535 0.068 0.08403361344537816 0.04878048780487805 0.1552511415525114 0.07589285714285714 0.13278008298755187 0.09009009009009009 0.042328042328042326 0.0990990990990991 0.02727272727272727 0.03508771929824561 0.09765625 0.04285714285714286 0.046153846153846156 0.04421768707482993 0.10211267605633803 0.05319148936170213 0.03508771929824561 0.064 0.10572687224669604 0.13333333333333333 0.10572687224669604 0.13168724279835392 0.035856573705179286 0.05 0.03982300884955752 0.1349206349206349 0.06584362139917696 0.06484641638225255 0.12272727272727273 0.10699588477366255 0.10431654676258993 0.046052631578947366 0.1517509727626459 0.041666666666666664 0.07264957264957266 0.0846774193548387 0.03804347826086957
0.048034934497816595 0.07729468599033816 0.065 0.065 0.07589285714285714 1.0 0.05472636815920398 0.05714285714285714 0.06103286384976526 0.06550218340611354 0.06763285024154589 0.060085836909871244 0.05106382978723404 0.04087193460490463 0.05426356589147287 0.02824858757062147 0.07017543859649122 0.06818181818181818 0.15763546798029557 0.059907834101382486 1.0 0.07296137339055794 0.052884615384615384 0.04819277108433735 0.05741626794258373 0.04639175257731959 0.03355704697986577 0.05737704918032787 0.0481283422459893 0.0641025641025641 0.040293040293040296 0.050724637681159424 0.041666666666666664 0.04054054054054054 0.05652173913043478 0.05069124423963134 0.06866952789699571 0.05069124423963134 0.05439330543933055 0.04405286343612335 0.05485232067510549 0.04433497536945813 0.06048387096774194 0.06306306306306306 0.05090909090909091 0.06666666666666667 0.055793991416309016 0.06766917293233082 0.05357142857142857 0.06640625 0.037037037037037035 0.03636363636363636 0.055793991416309016 0.05660377358490566
0.09345794392523364 0.13020833333333334 0.38 0.22485207100591717 0.08294930875576037 0.05472636815920398 1.0 0.07659574468085106 0.1111111111111111 0.07692307692307693 0.08585858585858586 0.06637168141592921 0.07111111111111111 0.030136986301369864 0.07258064516129033 0.03529411764705882 0.07207207207207207 0.15656565656565657 0.05045871559633028 0.07692307692307693 0.05472636815920398 0.06086956521739131 0.08121827411167512 0.037037037037037035 0.36942675159235666 0.03684210526315789 0.07246376811594203 0.06779661016949153 0.03825136612021858 0.05194805194805195 0.04905660377358491 0.06367041198501873 0.03680981595092025 0.06474820143884892 0.07239819004524888 0.08292682926829269 0.06578947368421052 0.08292682926829269 0.11312217194570136 0.05 0.042735042735042736 0.04568527918781726 0.04897959183673469 0.05504587155963303 0.2094017094017094 0.0845771144278607 0.08597285067873303 0.07335907335907337 0.04332129963898917 0.07661290322580645 0.07894736842105263 0.07246376811594203 0.437125748502994 0.03184713375796178
0.1285140562248996 0.08196721311475409 0.05394190871369295 0.08547008547008547 0.07633587786259542 0.05714285714285714 0.07659574468085106 1.0 0.07228915662650602 0.13095238095238096 0.06072874493927125 0.20502092050209206 0.36492890995260663 0.044444444444444446 0.050335570469798654 0.04205607476635514 0.1680327868852459 0.045454545454545456 0.029850746268656716 0.054474708171206226 0.05714285714285714 0.06985294117647059 0.061224489795918366 0.03365384615384615 0.056451612903225805 0.04721030042918455 0.03723404255319149 0.06785714285714285 0.025974025974025976 0.03942652329749104 0.025236593059936908 0.06774193548387097 0.03349282296650718 0.031746031746031744 0.20851063829787234 0.06746031746031746 0.06227106227106227 0.06746031746031746 0.06159420289855073 0.02962962962962963 0.039285714285714285 0.028455284552845527 0.06666666666666667 0.06130268199233716 0.06796116504854369 0.0728744939271255 0.03985507246376811 0.05177993527508091 0.03067484662576687 0.06440677966101695 0.0353356890459364 0.06746031746031746 0.06296296296296296 0.03980099502487562
0.3854748603351955 0.32 0.09950248756218906 0.15706806282722513 0.10666666666666667 0.06103286384976526 0.1111111111111111 0.07228915662650602 1.0 0.10043668122270742 0.08018867924528301 0.08050847457627118 0.08050847457627118 0.06557377049180328 0.08108108108108109 0.049723756906077346 0.08620689655172414 0.08 0.04741379310344827 0.07692307692307693 0.06103286384976526 0.09787234042553192 0.0861244019138756 0.02824858757062147 0.08018867924528301 0.03940886699507389 0.038461538461538464 0.05976095617529881 0.04081632653061224 0.0321285140562249 0.03914590747330961 0.06428571428571428 0.045714285714285714 0.04516129032258064 0.07264957264957266 0.0776255707762557 0.08898305084745763 0.0776255707762557 0.09243697478991597 0.038135593220338986 0.03614457831325301 0.03286384976525822 0.06692913385826772 0.04721030042918455 0.08791208791208792 0.2275132275132275 0.07172995780590717 0.0695970695970696 0.03767123287671233 0.07662835249042145 0.04 0.06787330316742081 0.10434782608695652 0.04142011834319527
0.17180616740088106 0.08260869565217391 0.04824561403508772 0.091324200913242 0.08097165991902834 0.06550218340611354 0.07692307692307693 0.13095238095238096 0.10043668122270742 1.0 0.06926406926406926 0.08333333333333333 0.11428571428571428 0.043478260869565216 0.06428571428571428 0.03482587064676617 0.08433734939759036 0.04819277108433735 0.0398406374501992 0.06666666666666667 0.06550218340611354 0.06153846153846154 0.06986899563318777 0.041666666666666664 0.05106382978723404 0.04090909090909091 0.02857142857142857 0.05970149253731343 0.037383177570093455 0.03773584905660377 0.026490066225165563 0.06397306397306397 0.04145077720207254 0.02857142857142857 0.10245901639344263 0.06722689075630252 0.057692307692307696 0.06722689075630252 0.09019607843137255 0.03543307086614173 0.05343511450381679 0.043859649122807015 0.05474452554744526 0.056451612903225805 0.07508532423208192 0.07296137339055794 0.0625 0.0726643598615917 0.035483870967741936 0.07942238267148015 0.03345724907063197 0.06276150627615062 0.0967741935483871 0.10227272727272728
0.07048458149779736 0.1188118811881188 0.09090909090909091 0.11917098445595854 0.12962962962962962 0.06763285024154589 0.08585858585858586 0.06072874493927125 0.08018867924528301 0.06926406926406926 1.0 0.07296137339055794 0.06837606837606838 0.03494623655913978 0.0784313725490196 0.022099447513812154 0.07391304347826087 0.08181818181818182 0.030303030303030304 0.1201923076923077 0.06763285024154589 0.09523809523809523 0.1044776119402985 0.03508771929824561 0.28 0.03 0.03289473684210526 0.12987012987012986 0.04736842105263158 0.04132231404958678 0.04363636363636364 0.06934306569343066 0.04093567251461988 0.04666666666666667 0.06493506493506493 0.4 0.11504424778761062 0.4 0.2814070351758794 0.03896103896103896 0.028455284552845527 0.05392156862745098 0.08571428571428572 0.06222222222222222 0.057971014492753624 0.0966183574879227 0.18571428571428572 0.07894736842105263 0.0456140350877193 0.099601593625498 0.028225806451612902 0.13793103448275862 0.08733624454148471 0.023952095808383235
0.09349593495934959 0.06329113924050633 0.06607929515418502 0.07555555555555556 0.058823529411764705 0.060085836909871244 0.06637168141592921 0.20502092050209206 0.08050847457627118 0.08333333333333333 0.07296137339055794 1.0 0.44502617801047123 0.05115089514066496 0.04878048780487805 0.009569377990430622 0.56 0.07317073170731707 0.019305019305019305 0.05714285714285714 0.060085836909871244 0.06896551724137931 0.05982905982905983 0.025252525252525252 0.05485232067510549 0.04035874439461883 0.028089887640449437 0.06296296296296296 0.0273972602739726 0.03345724907063197 0.019543973941368076 0.06333333333333334 0.014925373134328358 0.03977272727272727 0.32038834951456313 0.06639004149377593 0.06513409961685823 0.06639004149377593 0.05639097744360902 0.019157088122605363 0.03333333333333333 0.02553191489361702 0.07352941176470588 0.051587301587301584 0.06 0.05416666666666667 0.04961832061068702 0.046822742474916385 0.03514376996805112 0.05226480836236934 0.03308823529411765 0.07083333333333333 0.05363984674329502 0.026041666666666668
0.23963133640552994 0.06779661016949153 0.056768558951965066 0.07555555555555556 0.06299212598425197 0.05106382978723404 0.07111111111111111 0.36492890995260663 0.08050847457627118 0.11428571428571428 0.06837606837606838 0.44502617801047123 1.0 0.04314720812182741 0.04513888888888889 0.01932367149758454 0.2079646017699115 0.056 0.023255813953488372 0.06147540983606557 0.05106382978723404 0.0648854961832061 0.06437768240343347 0.03571428571428571 0.05485232067510549 0.03571428571428571 0.028089887640449437 0.0708955223880597 0.03211009174311927 0.03345724907063197 0.02287581699346405 0.059800664451827246 0.02512562814070352 0.03977272727272727 0.1826086956521739 0.06639004149377593 0.061068702290076333 0.06639004149377593 0.06037735849056604 0.023076923076923078 0.041044776119402986 0.034334763948497854 0.06569343065693431 0.051587301587301584 0.06354515050167224 0.05416666666666667 0.041666666666666664 0.05387205387205387 0.02857142857142857 0.07092198581560284 0.03690036900369004 0.06639004149377593 0.057692307692307696 0.026041666666666668
0.04392764857881137 0.05737704918032787 0.03571428571428571 0.0443213296398892 0.04113110539845758 0.04087193460490463 0.030136986301369864 0.044444444444444446 0.06557377049180328 0.043478260869565216 0.03494623655913978 0.05115089514066496 0.04314720812182741 1.0 0.04807692307692308 0.03283582089552239 0.05974025974025974 0.04177545691906005 0.052770448548812667 0.0395778364116095 0.04087193460490463 0.050761421319796954 0.043596730245231606 0.043209876543209874 0.03494623655913978 0.03672316384180791 0.02912621359223301 0.04455445544554455 0.02857142857142857 0.04292929292929293 0.04186046511627907 0.06323185011709602 0.030395136778115502 0.025806451612903226 0.04627249357326478 0.028871391076115485 0.06718346253229975 0.028871391076115485 0.050505050505050504 0.03617571059431524 0.042821158690176324 0.04735376044568245 0.06218905472636816 0.055408970976253295 0.0389908256880734 0.0807799442896936 0.07329842931937172 0.06921241050119331 0.06744186046511629 0.05048076923076923 0.058524173027989825 0.02617801047120419 0.04060913705583756 0.02786377708978328
0.061371841155234655 0.09486166007905138 0.07661290322580645 0.08979591836734693 0.17063492063492064 0.05426356589147287 0.07258064516129033 0.050335570469798654 0.08108108108108109 0.06428571428571428 0.0784313725490196 0.04878048780487805 0.04513888888888889 0.04807692307692308 1.0 0.04888888888888889 0.05673758865248227 0.0625 0.04332129963898917 0.07984790874524715 0.05426356589147287 0.08960573476702509 0.06640625 0.0410958904109589 0.07421875 0.0321285140562249 0.04 0.07216494845360824 0.041666666666666664 0.04844290657439446 0.04643962848297214 0.1390728476821192 0.06018518518518518 0.03482587064676617 0.060714285714285714 0.07224334600760456 0.07446808510638298 0.07224334600760456 0.07368421052631578 0.06593406593406594 0.0410958904109589 0.047244094488188976 0.09688581314878893 0.04316546762589928 0.06521739130434782 0.07335907335907337 0.07142857142857142 0.15753424657534246 0.041791044776119404 0.30278884462151395 0.05517241379310345 0.06015037593984962 0.06761565836298933 0.04716981132075472
0.04081632653061224 0.0446927374301676 0.03508771929824561 0.03508771929824561 0.03535353535353535 0.02824858757062147 0.03529411764705882 0.04205607476635514 0.049723756906077346 0.03482587064676617 0.022099447513812154 0.009569377990430622 0.01932367149758454 0.03283582089552239 0.04888888888888889 1.0 0.009708737864077669 0.04736842105263158 0.09944751381215469 0.026455026455026454 0.02824858757062147 0.033816425120772944 0.016666666666666666 0.05343511450381679 0.027777777777777776 0.23703703703703705 0.07272727272727272 0.03255813953488372 0.05263157894736842 0.065 0.04201680672268908 0.058333333333333334 0.09448818897637795 0.04424778761061947 0.019704433497536946 0.03225806451612903 0.03902439024390244 0.03225806451612903 0.05365853658536585 0.06349206349206349 0.09183673469387756 0.03529411764705882 0.04128440366972477 0.09289617486338798 0.0326530612244898 0.03867403314917127 0.039603960396039604 0.05084745762711865 0.04435483870967742 0.07239819004524888 0.05365853658536585 0.026737967914438502 0.06060606060606061 0.07317073170731707
0.09917355371900827 0.06866952789699571 0.07174887892376682 0.08636363636363636 0.068 0.07017543859649122 0.07207207207207207 0.1680327868852459 0.08620689655172414 0.08433734939759036 0.07391304347826087 0.56 0.2079646017699115 0.05974025974025974 0.05673758865248227 0.009708737864077669 1.0 0.05668016194331984 0.01953125 0.07112970711297072 0.07017543859649122 0.08235294117647059 0.06521739130434782 0.02564102564102564 0.060085836909871244 0.03619909502262444 0.02857142857142857 0.06367041198501873 0.02304147465437788 0.03383458646616541 0.0231023102310231 0.05333333333333334 0.010050251256281407 0.034482758620689655 0.3383084577114428 0.06276150627615062 0.08695652173913043 0.06276150627615062 0.061068702290076333 0.015444015444015444 0.022222222222222223 0.030303030303030304 0.07434944237918216 0.043824701195219126 0.06418918918918919 0.059322033898305086 0.058365758754863814 0.05442176870748299 0.035483870967741936 0.05653710247349823 0.025830258302583026 0.06276150627615062 0.05426356589147287 0.026455026455026454
0.06198347107438017 0.08597285067873303 0.47435897435897434 0.08490566037735849 0.08403361344537816 0.06818181818181818 0.15656565656565657 0.045454545454545456 0.08 0.04819277108433735 0.08181818181818182 0.07317073170731707 0.056 0.04177545691906005 0.0625 0.04736842105263158 0.05668016194331984 1.0 0.06779661016949153 0.06465517241379311 0.06818181818181818 0.07661290322580645 0.06787330316742081 0.055248618784530384 0.1497584541062802 0.047619047619047616 0.030120481927710843 0.0784313725490196 0.04411764705882353 0.064 0.056140350877192984 0.06968641114982578 0.03783783783783784 0.042682926829268296 0.06995884773662552 0.06986899563318777 0.09016393442622951 0.06986899563318777 0.0846774193548387 0.04526748971193416 0.038910505836575876 0.055299539170506916 0.08108108108108109 0.05416666666666667 0.0851063829787234 0.08558558558558559 0.0823045267489712 0.05985915492957746 0.050505050505050504 0.07806691449814127 0.05078125 0.06521739130434782 0.17410714285714285 0.016483516483516484
0.028 0.043478260869565216 0.0502283105022831 0.03139013452914798 0.04878048780487805 0.15763546798029557 0.05045871559633028 0.029850746268656716 0.04741379310344827 0.0398406374501992 0.030303030303030304 0.019305019305019305 0.023255813953488372 0.052770448548812667 0.04332129963898917 0.09944751381215469 0.01953125 0.06779661016949153 1.0 0.03347280334728033 0.15763546798029557 0.04296875 0.039647577092511016 0.055248618784530384 0.039301310043668124 0.057692307692307696 0.05555555555555555 0.041666666666666664 0.04411764705882353 0.043137254901960784 0.05244755244755245 0.05136986301369863 0.06666666666666667 0.042682926829268296 0.023622047244094488 0.03375527426160337 0.047244094488188976 0.03375527426160337 0.04669260700389105 0.040983606557377046 0.05952380952380952 0.04090909090909091 0.040892193308550186 0.08583690987124463 0.05154639175257732 0.05240174672489083 0.039525691699604744 0.05985915492957746 0.043478260869565216 0.08208955223880597 0.04669260700389105 0.02510460251046025 0.06048387096774194 0.04519774011299435
0.06779661016949153 0.12440191387559808 0.07655502392344497 0.15979381443298968 0.1552511415525114 0.059907834101382486 0.07692307692307693 0.054474708171206226 0.07692307692307693 0.06666666666666667 0.1201923076923077 0.05714285714285714 0.06147540983606557 0.0395778364116095 0.07984790874524715 0.026455026455026454 0.07112970711297072 0.06465517241379311 0.03347280334728033 1.0 0.059907834101382486 0.12931034482758622 0.11594202898550725 0.05084745762711865 0.09389671361502347 0.018957345971563982 0.024691358024691357 0.12033195020746888 0.03482587064676617 0.05241935483870968 0.027777777777777776 0.11029411764705882 0.03314917127071823 0.031055900621118012 0.0625 0.0958904109589041 0.1059322033898305 0.0958904109589041 0.08196721311475409 0.04184100418410042 0.027450980392156862 0.05660377358490566 0.13168724279835392 0.05982905982905983 0.0673758865248227 0.09767441860465116 0.08860759493670886 0.1517509727626459 0.030201342281879196 0.09195402298850575 0.019305019305019305 0.06666666666666667 0.07053941908713693 0.02857142857142857
0.048034934497816595 0.07729468599033816 0.065 0.065 0.07589285714285714 1.0 0.05472636815920398 0.05714285714285714 0.06103286384976526 0.06550218340611354 0.06763285024154589 0.060085836909871244 0.05106382978723404 0.04087193460490463 0.05426356589147287 0.02824858757062147 0.07017543859649122 0.06818181818181818 0.15763546798029557 0.059907834101382486 1.0 0.07296137339055794 0.052884615384615384 0.04819277108433735 0.05741626794258373 0.04639175257731959 0.03355704697986577 0.05737704918032787 0.0481283422459893 0.0641025641025641 0.040293040293040296 0.050724637681159424 0.041666666666666664 0.04054054054054054 0.05652173913043478 0.05069124423963134 0.06866952789699571 0.05069124423963134 0.05439330543933055 0.04405286343612335 0.05485232067510549 0.04433497536945813 0.06048387096774194 0.06306306306306306 0.05090909090909091 0.06666666666666667 0.055793991416309016 0.06766917293233082 0.05357142857142857 0.06640625 0.037037037037037035 0.03636363636363636 0.055793991416309016 0.05660377358490566
0.08366533864541832 0.1643835616438356 0.07929515418502203 0.15566037735849056 0.13278008298755187 0.07296137339055794 0.06086956521739131 0.06985294117647059 0.09787234042553192 0.06153846153846154 0.09523809523809523 0.06896551724137931 0.0648854961832061 0.050761421319796954 0.08960573476702509 0.033816425120772944 0.08235294117647059 0.07661290322580645 0.04296875 0.12931034482758622 0.07296137339055794 1.0 0.09606986899563319 0.03 0.08583690987124463 0.03070175438596491 0.027624309392265192 0.09433962264150944 0.0410958904109589 0.04460966542750929 0.032679738562091505 0.08053691275167785 0.04020100502512563 0.03910614525139665 0.07003891050583658 0.0743801652892562 0.13306451612903225 0.0743801652892562 0.09230769230769231 0.03461538461538462 0.021739130434782608 0.042735042735042736 0.20901639344262296 0.046875 0.07 0.12280701754385964 0.09019607843137255 0.07849829351535836 0.03481012658227848 0.09712230215827339 0.04411764705882353 0.056910569105691054 0.061068702290076333 0.03626943005181347
0.08071748878923767 0.09803921568627451 0.08080808080808081 0.10309278350515463 0.09009009009009009 0.052884615384615384 0.08121827411167512 0.061224489795918366 0.0861244019138756 0.06986899563318777 0.1044776119402985 0.05982905982905983 0.06437768240343347 0.043596730245231606 0.06640625 0.016666666666666666 0.06521739130434782 0.06787330316742081 0.039647577092511016 0.11594202898550725 0.052884615384615384 0.09606986899563319 1.0 0.03550295857988166 0.09359605911330049 0.02 0.019736842105263157 0.08823529411764706 0.031413612565445025 0.03305785123966942 0.03260869565217391 0.05054151624548736 0.029239766081871343 0.03333333333333333 0.06086956521739131 0.07511737089201878 0.08695652173913043 0.07511737089201878 0.07659574468085106 0.030303030303030304 0.024489795918367346 0.04926108374384237 0.08196721311475409 0.04405286343612335 0.0661764705882353 0.07655502392344497 0.0881057268722467 0.06741573033707865 0.03496503496503497 0.07450980392156863 0.024291497975708502 0.06511627906976744 0.07860262008733625 0.03048780487804878
0.037037037037037035 0.03468208092485549 0.049689440993788817 0.043209876543209874 0.042328042328042326 0.04819277108433735 0.037037037037037035 0.03365384615384615 0.02824858757062147 0.041666666666666664 0.03508771929824561 0.025252525252525252 0.03571428571428571 0.043209876543209874 0.0410958904109589 0.05343511450381679 0.02564102564102564 0.055248618784530384 0.055248618784530384 0.05084745762711865 0.04819277108433735 0.03 0.03550295857988166 1.0 0.029069767441860465 0.052980132450331126 0.057692307692307696 0.033816425120772944 0.0410958904109589 0.06217616580310881 0.061946902654867256 0.04680851063829787 0.06504065040650407 0.047619047619047616 0.041884816753926704 0.06358381502890173 0.03535353535353535 0.06358381502890173 0.07216494845360824 0.03208556149732621 0.06735751295336788 0.06329113924050633 0.04285714285714286 0.043478260869565216 0.03375527426160337 0.034482758620689655 0.025380710659898477 0.034482758620689655 0.028688524590163935 0.04090909090909091 0.0297029702970297 0.045454545454545456 0.046632124352331605 0.04201680672268908
0.0752212389380531 0.0970873786407767 0.35 0.09090909090909091 0.0990990990990991 0.05741626794258373 0.36942675159235666 0.056451612903225805 0.08018867924528301 0.05106382978723404 0.28 0.05485232067510549 0.05485232067510549 0.03494623655913978 0.07421875 0.027777777777777776 0.060085836909871244 0.1497584541062802 0.039301310043668124 0.09389671361502347 0.05741626794258373 0.08583690987124463 0.09359605911330049 0.029069767441860465 1.0 0.04040404040404041 0.060810810810810814 0.10126582278481013 0.04736842105263158 0.04564315352697095 0.04363636363636364 0.05776173285198556 0.03488372093023256 0.060810810810810814 0.0603448275862069 0.1323529411764706 0.08620689655172414 0.1323529411764706 0.08050847457627118 0.043478260869565216 0.0411522633744856 0.05392156862745098 0.05976095617529881 0.07174887892376682 0.13178294573643412 0.06572769953051644 0.11659192825112108 0.0708955223880597 0.05673758865248227 0.08235294117647059 0.07142857142857142 0.12682926829268293 0.1527777777777778 0.017857142857142856
0.03686635944700461 0.0297029702970297 0.03664921465968586 0.020618556701030927 0.02727272727272727 0.04639175257731959 0.03684210526315789 0.04721030042918455 0.03940886699507389 0.04090909090909091 0.03 0.04035874439461883 0.03571428571428571 0.03672316384180791 0.0321285140562249 0.23703703703703705 0.03619909502262444 0.047619047619047616 0.057692307692307696 0.018957345971563982 0.04639175257731959 0.03070175438596491 0.02 0.052980132450331126 0.04040404040404041 1.0 0.05303030303030303 0.03404255319148936 0.07100591715976332 0.044642857142857144 0.04263565891472868 0.04961832061068702 0.0738255033557047 0.05303030303030303 0.05555555555555555 0.03398058252427184 0.044642857142857144 0.03398058252427184 0.04405286343612335 0.04716981132075472 0.06818181818181818 0.047872340425531915 0.029045643153526972 0.05238095238095238 0.033962264150943396 0.03980099502487562 0.05 0.03861003861003861 0.040892193308550186 0.03614457831325301 0.0821917808219178 0.03398058252427184 0.06944444444444445 0.033783783783783786
0.04142011834319527 0.0392156862745098 0.06428571428571428 0.034722222222222224 0.03508771929824561 0.03355704697986577 0.07246376811594203 0.03723404255319149 0.038461538461538464 0.02857142857142857 0.03289473684210526 0.028089887640449437 0.028089887640449437 0.02912621359223301 0.04 0.07272727272727272 0.02857142857142857 0.030120481927710843 0.05555555555555555 0.024691358024691357 0.03355704697986577 0.027624309392265192 0.019736842105263157 0.057692307692307696 0.060810810810810814 0.05303030303030303 1.0 0.026455026455026454 0.03937007874015748 0.03932584269662921 0.057692307692307696 0.041474654377880185 0.08823529411764706 0.2676056338028169 0.017045454545454544 0.0379746835443038 0.022099447513812154 0.0379746835443038 0.056179775280898875 0.04216867469879518 0.056818181818181816 0.03496503496503497 0.020512820512820513 0.06832298136645963 0.056338028169014086 0.02564102564102564 0.03409090909090909 0.028037383177570093 0.05 0.03980099502487562 0.09302325581395349 0.0379746835443038 0.04 0.050505050505050504
0.05660377358490566 0.09583333333333334 0.0811965811965812 0.1 0.09765625 0.05737704918032787 0.06779661016949153 0.06785714285714285 0.05976095617529881 0.05970149253731343 0.12987012987012986 0.06296296296296296 0.0708955223880597 0.04455445544554455 0.07216494845360824 0.03255813953488372 0.06367041198501873 0.0784313725490196 0.041666666666666664 0.12033195020746888 0.05737704918032787 0.09433962264150944 0.08823529411764706 0.033816425120772944 0.10126582278481013 0.03404255319148936 0.026455026455026454 1.0 0.04424778761061947 0.04332129963898917 0.018867924528301886 0.06796116504854369 0.03365384615384615 0.031914893617021274 0.06390977443609022 0.1308016877637131 0.08646616541353383 0.1308016877637131 0.08550185873605948 0.045283018867924525 0.03571428571428571 0.04132231404958678 0.08992805755395683 0.049429657794676805 0.07868852459016394 0.1 0.07116104868913857 0.07641196013289037 0.04361370716510903 0.09059233449477352 0.03180212014134275 0.08502024291497975 0.06716417910447761 0.024630541871921183
0.03317535545023697 0.03076923076923077 0.03804347826086957 0.026881720430107527 0.04285714285714286 0.0481283422459893 0.03825136612021858 0.025974025974025976 0.04081632653061224 0.037383177570093455 0.04736842105263158 0.0273972602739726 0.03211009174311927 0.02857142857142857 0.041666666666666664 0.05263157894736842 0.02304147465437788 0.04411764705882353 0.04411764705882353 0.03482587064676617 0.0481283422459893 0.0410958904109589 0.031413612565445025 0.0410958904109589 0.04736842105263158 0.07100591715976332 0.03937007874015748 0.04424778761061947 1.0 0.04608294930875576 0.043824701195219126 0.03875968992248062 0.05517241379310345 0.047619047619047616 0.03271028037383177 0.05102040816326531 0.0365296803652968 0.05102040816326531 0.0502283105022831 0.13157894736842105 0.03636363636363636 0.24183006535947713 0.029914529914529916 0.0594059405940594 0.051181102362204724 0.035897435897435895 0.03225806451612903 0.03968253968253968 0.0622568093385214 0.03292181069958848 0.04072398190045249 0.035175879396984924 0.04186046511627907 0.028169014084507043
0.026515151515151516 0.049586776859504134 0.05627705627705628 0.06550218340611354 0.046153846153846156 0.0641025641025641 0.05194805194805195 0.03942652329749104 0.0321285140562249 0.03773584905660377 0.04132231404958678 0.03345724907063197 0.03345724907063197 0.04292929292929293 0.04844290657439446 0.065 0.03383458646616541 0.064 0.043137254901960784 0.05241935483870968 0.0641025641025641 0.04460966542750929 0.03305785123966942 0.06217616580310881 0.04564315352697095 0.044642857142857144 0.03932584269662921 0.04332129963898917 0.04608294930875576 1.0 0.05351170568561873 0.0664451827242525 0.05641025641025641 0.04519774011299435 0.03787878787878788 0.048582995951417005 0.04868913857677903 0.048582995951417005 0.07604562737642585 0.03875968992248062 0.09765625 0.038461538461538464 0.05 0.05952380952380952 0.05263157894736842 0.04081632653061224 0.041353383458646614 0.05704697986577181 0.06885245901639345 0.044673539518900345 0.08015267175572519 0.04435483870967742 0.07364341085271318 0.05291005291005291
0.026845637583892617 0.039568345323741004 0.0648854961832061 0.03333333333333333 0.04421768707482993 0.040293040293040296 0.04905660377358491 0.025236593059936908 0.03914590747330961 0.026490066225165563 0.04363636363636364 0.019543973941368076 0.02287581699346405 0.04186046511627907 0.04643962848297214 0.04201680672268908 0.0231023102310231 0.056140350877192984 0.05244755244755245 0.027777777777777776 0.040293040293040296 0.032679738562091505 0.03260869565217391 0.061946902654867256 0.04363636363636364 0.04263565891472868 0.057692307692307696 0.018867924528301886 0.043824701195219126 0.05351170568561873 1.0 0.04398826979472141 0.04782608695652174 0.06280193236714976 0.03 0.031578947368421054 0.026058631921824105 0.031578947368421054 0.07432432432432433 0.04844290657439446 0.06756756756756757 0.04119850187265917 0.03785488958990536 0.05226480836236934 0.05029585798816568 0.028368794326241134 0.05405405405405406 0.029411764705882353 0.09063444108761329 0.043076923076923075 0.06711409395973154 0.020833333333333332 0.04697986577181208 0.04932735426008968
0.0576271186440678 0.07272727272727272 0.06741573033707865 0.07954545454545454 0.10211267605633803 0.050724637681159424 0.06367041198501873 0.06774193548387097 0.06428571428571428 0.06397306397306397 0.06934306569343066 0.06333333333333334 0.059800664451827246 0.06323185011709602 0.1390728476821192 0.058333333333333334 0.05333333333333334 0.06968641114982578 0.05136986301369863 0.11029411764705882 0.050724637681159424 0.08053691275167785 0.05054151624548736 0.04680851063829787 0.05776173285198556 0.04961832061068702 0.041474654377880185 0.06796116504854369 0.03875968992248062 0.0664451827242525 0.04398826979472141 1.0 0.05555555555555555 0.03669724770642202 0.07508532423208192 0.056338028169014086 0.08445945945945946 0.056338028169014086 0.06930693069306931 0.05460750853242321 0.05573770491803279 0.03272727272727273 0.08766233766233766 0.07317073170731707 0.06804733727810651 0.08029197080291971 0.08163265306122448 0.18666666666666668 0.05157593123209169 0.1423841059602649 0.038461538461538464 0.04895104895104895 0.08163265306122448 0.03896103896103896
0.031413612565445025 0.034482758620689655 0.036585365853658534 0.024096385542168676 0.05319148936170213 0.041666666666666664 0.03680981595092025 0.03349282296650718 0.045714285714285714 0.04145077720207254 0.04093567251461988 0.014925373134328358 0.02512562814070352 0.030395136778115502 0.06018518518518518 0.09448818897637795 0.010050251256281407 0.03783783783783784 0.06666666666666667 0.03314917127071823 0.041666666666666664 0.04020100502512563 0.029239766081871343 0.06504065040650407 0.03488372093023256 0.0738255033557047 0.08823529411764706 0.03365384615384615 0.05517241379310345 0.05641025641025641 0.04782608695652174 0.05555555555555555 1.0 0.0673076923076923 0.010101010101010102 0.05113636363636364 0.04568527918781726 0.05113636363636364 0.0663265306122449 0.04864864864864865 0.078125 0.03680981595092025 0.057692307692307696 0.10285714285714286 0.04680851063829787 0.040229885057471264 0.057291666666666664 0.05240174672489083 0.04564315352697095 0.05504587155963303 0.05555555555555555 0.03932584269662921 0.05181347150259067 0.10619469026548672
0.03529411764705882 0.052980132450331126 0.07194244604316546 0.04929577464788732 0.03508771929824561 0.04054054054054054 0.06474820143884892 0.031746031746031744 0.04516129032258064 0.02857142857142857 0.04666666666666667 0.03977272727272727 0.03977272727272727 0.025806451612903226 0.03482587064676617 0.04424778761061947 0.034482758620689655 0.042682926829268296 0.042682926829268296 0.031055900621118012 0.04054054054054054 0.03910614525139665 0.03333333333333333 0.047619047619047616 0.060810810810810814 0.05303030303030303 0.2676056338028169 0.031914893617021274 0.047619047619047616 0.04519774011299435 0.06280193236714976 0.03669724770642202 0.0673076923076923 1.0 0.022857142857142857 0.0379746835443038 0.027777777777777776 0.0379746835443038 0.056179775280898875 0.03592814371257485 0.05084745762711865 0.03496503496503497 0.031088082901554404 0.04878048780487805 0.0514018691588785 0.03225806451612903 0.02247191011235955 0.03286384976525822 0.05 0.029556650246305417 0.09302325581395349 0.031446540880503145 0.04 0.0297029702970297
0.07723577235772358 0.06896551724137931 0.0867579908675799 0.07692307692307693 0.064 0.05652173913043478 0.07239819004524888 0.20851063829787234 0.07264957264957266 0.10245901639344263 0.06493506493506493 0.32038834951456313 0.1826086956521739 0.04627249357326478 0.060714285714285714 0.019704433497536946 0.3383084577114428 0.06995884773662552 0.023622047244094488 0.0625 0.05652173913043478 0.07003891050583658 0.06086956521739131 0.041884816753926704 0.0603448275862069 0.05555555555555555 0.017045454545454544 0.06390977443609022 0.03271028037383177 0.03787878787878788 0.03 0.07508532423208192 0.010101010101010102 0.022857142857142857 1.0 0.06302521008403361 0.06201550387596899 0.06302521008403361 0.05725190839694656 0.027450980392156862 0.022304832713754646 0.030434782608695653 0.07462686567164178 0.044 0.060810810810810814 0.07327586206896551 0.054474708171206226 0.05821917808219178 0.03559870550161812 0.04929577464788732 0.025925925925925925 0.07203389830508475 0.06274509803921569 0.03208556149732621
0.06837606837606838 0.10952380952380952 0.08780487804878048 0.115 0.10572687224669604 0.05069124423963134 0.08292682926829269 0.06746031746031746 0.0776255707762557 0.06722689075630252 0.4 0.06639004149377593 0.06639004149377593 0.028871391076115485 0.07224334600760456 0.03225806451612903 0.06276150627615062 0.06986899563318777 0.03375527426160337 0.0958904109589041 0.05069124423963134 0.0743801652892562 0.07511737089201878 0.06358381502890173 0.1323529411764706 0.03398058252427184 0.0379746835443038 0.1308016877637131 0.05102040816326531 0.048582995951417005 0.031578947368421054 0.056338028169014086 0.05113636363636364 0.0379746835443038 0.06302521008403361 1.0 0.07916666666666666 1.0 0.27184466019417475 0.04219409282700422 0.035856573705179286 0.04716981132075472 0.07058823529411765 0.04680851063829787 0.05653710247349823 0.09859154929577464 0.13777777777777778 0.06909090909090909 0.030405405405405407 0.0842911877394636 0.03968253968253968 0.2268041237113402 0.08016877637130802 0.04093567251461988
0.0796812749003984 0.13392857142857142 0.08444444444444445 0.12442396313364056 0.13333333333333333 0.06866952789699571 0.06578947368421052 0.06227106227106227 0.08898305084745763 0.057692307692307696 0.11504424778761062 0.06513409961685823 0.061068702290076333 0.06718346253229975 0.07446808510638298 0.03902439024390244 0.08695652173913043 0.09016393442622951 0.047244094488188976 0.1059322033898305 0.06866952789699571 0.13306451612903225 0.08695652173913043 0.03535353535353535 0.08620689655172414 0.044642857142857144 0.022099447513812154 0.08646616541353383 0.0365296803652968 0.04868913857677903 0.026058631921824105 0.08445945945945946 0.04568527918781726 0.027777777777777776 0.06201550387596899 0.07916666666666666 1.0 0.07916666666666666 0.10546875 0.03474903474903475 0.025547445255474453 0.03404255319148936 0.11363636363636363 0.05952380952380952 0.04918032786885246 0.13333333333333333 0.1446280991735537 0.08996539792387544 0.03164556962025317 0.09747292418772563 0.04044117647058824 0.06147540983606557 0.08203125 0.031088082901554404
0.06837606837606838 0.10952380952380952 0.08780487804878048 0.115 0.10572687224669604 0.05069124423963134 0.08292682926829269 0.06746031746031746 0.0776255707762557 0.06722689075630252 0.4 0.06639004149377593 0.06639004149377593 0.028871391076115485 0.07224334600760456 0.03225806451612903 0.06276150627615062 0.06986899563318777 0.03375527426160337 0.0958904109589041 0.05069124423963134 0.0743801652892562 0.07511737089201878 0.06358381502890173 0.1323529411764706 0.03398058252427184 0.0379746835443038 0.1308016877637131 0.05102040816326531 0.048582995951417005 0.031578947368421054 0.056338028169014086 0.05113636363636364 0.0379746835443038 0.06302521008403361 1.0 0.07916666666666666 1.0 0.27184466019417475 0.04219409282700422 0.035856573705179286 0.04716981132075472 0.07058823529411765 0.04680851063829787 0.05653710247349823 0.09859154929577464 0.13777777777777778 0.06909090909090909 0.030405405405405407 0.0842911877394636 0.03968253968253968 0.2268041237113402 0.08016877637130802 0.04093567251461988
