1.0 0.3684210526315789 0.3333333333333333 0.47058823529411764 0.36363636363636365 0.14893617021276595 0.3783783783783784 0.4444444444444444 0.5882352941176471 0.47368421052631576 0.2857142857142857 0.38095238095238093 0.5526315789473685 0.12162162162162163 0.2545454545454545 0.08888888888888889 0.4 0.2553191489361702 0.07692307692307693 0.30952380952380953 0.14893617021276595 0.2826086956521739 0.34210526315789475 0.15384615384615385 0.27906976744186046 0.10869565217391304 0.1388888888888889 0.21153846153846154 0.10204081632653061 0.10344827586206896 0.08771929824561403 0.21666666666666667 0.11904761904761904 0.10810810810810811 0.37209302325581395 0.2727272727272727 0.2608695652173913 0.2727272727272727 0.2826086956521739 0.08928571428571429 0.09259259259259259 0.09803921568627451 0.23529411764705882 0.15384615384615385 0.3469387755102041 0.2857142857142857 0.23404255319148937 0.2413793103448276 0.09523809523809523 0.2830188679245283 0.09090909090909091 0.2765957446808511 0.3125 0.1111111111111111
0.3684210526315789 1.0 0.45454545454545453 0.7037037037037037 0.5555555555555556 0.3157894736842105 0.38235294117647056 0.22 0.6666666666666666 0.3 0.47058823529411764 0.2558139534883721 0.25 0.1791044776119403 0.3541666666666667 0.15384615384615385 0.2682926829268293 0.375 0.18181818181818182 0.45714285714285713 0.3157894736842105 0.5714285714285714 0.38235294117647056 0.17142857142857143 0.3076923076923077 0.14634146341463414 0.12121212121212122 0.3409090909090909 0.13636363636363635 0.15384615384615385 0.11538461538461539 0.3018867924528302 0.16216216216216217 0.15625 0.25 0.40540540540540543 0.5882352941176471 0.40540540540540543 0.5277777777777778 0.11764705882352941 0.12244897959183673 0.15555555555555556 0.43902439024390244 0.21739130434782608 0.2653061224489796 0.7857142857142857 0.42105263157894735 0.36 0.1206896551724138 0.391304347826087 0.12 0.24444444444444444 0.37209302325581395 0.125
0.3333333333333333 0.45454545454545453 1.0 0.5333333333333333 0.4 0.25 0.7407407407407407 0.22 0.3888888888888889 0.23809523809523808 0.47058823529411764 0.2558139534883721 0.25 0.16176470588235295 0.27450980392156865 0.125 0.2682926829268293 0.6176470588235294 0.13043478260869565 0.3783783783783784 0.25 0.34146341463414637 0.38235294117647056 0.20588235294117646 0.6451612903225806 0.11904761904761904 0.23333333333333334 0.37209302325581395 0.13636363636363635 0.15384615384615385 0.16 0.2545454545454545 0.13157894736842105 0.27586206896551724 0.25 0.40540540540540543 0.38461538461538464 0.40540540540540543 0.41025641025641024 0.14 0.12244897959183673 0.20930232558139536 0.2826086956521739 0.21739130434782608 0.4418604651162791 0.3888888888888889 0.35 0.25925925925925924 0.14035087719298245 0.30612244897959184 0.19148936170212766 0.3023255813953488 0.475 0.09090909090909091
0.47058823529411764 0.7037037037037037 0.5333333333333333 1.0 0.5882352941176471 0.2631578947368421 0.5517241379310345 0.2826086956521739 0.5483870967741935 0.3157894736842105 0.5483870967741935 0.3333333333333333 0.325 0.16666666666666666 0.3695652173913043 0.10256410256410256 0.35135135135135137 0.39473684210526316 0.1111111111111111 0.6333333333333333 0.2631578947368421 0.4722222222222222 0.45161290322580644 0.18181818181818182 0.3611111111111111 0.0975609756097561 0.12903225806451613 0.3902439024390244 0.09090909090909091 0.13725490196078433 0.09803921568627451 0.34 0.10810810810810811 0.16666666666666666 0.325 0.47058823529411764 0.4857142857142857 0.47058823529411764 0.4722222222222222 0.1 0.10416666666666667 0.16279069767441862 0.3902439024390244 0.17391304347826086 0.36363636363636365 0.5483870967741935 0.3333333333333333 0.375 0.10526315789473684 0.4090909090909091 0.10204081632653061 0.2857142857142857 0.425 0.0967741935483871
0.36363636363636365 0.5555555555555556 0.4 0.5882352941176471 1.0 0.2608695652173913 0.34146341463414637 0.23214285714285715 0.45 0.3333333333333333 0.48717948717948717 0.24 0.26 0.17567567567567569 0.5869565217391305 0.15217391304347827 0.25 0.3125 0.15384615384615385 0.5526315789473685 0.2608695652173913 0.46511627906976744 0.375 0.16666666666666666 0.3409090909090909 0.12244897959183673 0.15384615384615385 0.3958333333333333 0.11538461538461539 0.1724137931034483 0.13793103448275862 0.4 0.1590909090909091 0.15384615384615385 0.23529411764705882 0.42857142857142855 0.47619047619047616 0.42857142857142855 0.4318181818181818 0.14035087719298245 0.14545454545454545 0.1320754716981132 0.45652173913043476 0.20754716981132076 0.2727272727272727 0.45 0.34782608695652173 0.4339622641509434 0.140625 0.5319148936170213 0.14285714285714285 0.28 0.3673469387755102 0.15789473684210525
0.14893617021276595 0.3157894736842105 0.25 0.2631578947368421 0.2608695652173913 1.0 0.1951219512195122 0.18867924528301888 0.2682926829268293 0.22727272727272727 0.23809523809523808 0.21739130434782608 0.2127659574468085 0.17391304347826086 0.19642857142857142 0.11904761904761904 0.22727272727272727 0.2127659574468085 0.35 0.23255813953488372 1.0 0.26666666666666666 0.225 0.13157894736842105 0.17777777777777778 0.11363636363636363 0.11428571428571428 0.19607843137254902 0.10638297872340426 0.19230769230769232 0.15384615384615385 0.18333333333333332 0.125 0.14705882352941177 0.2127659574468085 0.2 0.2727272727272727 0.2 0.2391304347826087 0.11320754716981132 0.14 0.125 0.22 0.20833333333333334 0.14285714285714285 0.3 0.24444444444444444 0.25 0.13559322033898305 0.2222222222222222 0.13725490196078433 0.16 0.22 0.1875
0.3783783783783784 0.38235294117647056 0.7407407407407407 0.5517241379310345 0.34146341463414637 0.1951219512195122 1.0 0.25 0.4 0.275 0.4 0.2926829268292683 0.2857142857142857 0.14705882352941177 0.2549019607843137 0.1 0.3076923076923077 0.4594594594594595 0.0851063829787234 0.3888888888888889 0.1951219512195122 0.2558139534883721 0.35294117647058826 0.14285714285714285 0.6666666666666666 0.09523809523809523 0.2413793103448276 0.3181818181818182 0.11363636363636363 0.11320754716981132 0.14 0.25925925925925924 0.10526315789473684 0.2413793103448276 0.2857142857142857 0.34210526315789475 0.2926829268292683 0.34210526315789475 0.38461538461538464 0.12 0.10204081632653061 0.1590909090909091 0.23404255319148937 0.1956521739130435 0.525 0.32432432432432434 0.325 0.2641509433962264 0.12280701754385964 0.2857142857142857 0.1702127659574468 0.30952380952380953 0.5675675675675675 0.06060606060606061
0.4444444444444444 0.22 0.22 0.2826086956521739 0.23214285714285715 0.18867924528301888 0.25 1.0 0.26 0.3829787234042553 0.21153846153846154 0.5952380952380952 0.7435897435897436 0.10843373493975904 0.2 0.09433962264150944 0.5116279069767442 0.1724137931034483 0.06557377049180328 0.23076923076923078 0.18867924528301888 0.19298245614035087 0.25 0.125 0.18518518518518517 0.1111111111111111 0.08695652173913043 0.18032786885245902 0.08620689655172414 0.08955223880597014 0.05970149253731343 0.18840579710144928 0.07692307692307693 0.08695652173913043 0.6190476190476191 0.2037037037037037 0.19642857142857142 0.2037037037037037 0.21428571428571427 0.1111111111111111 0.0967741935483871 0.1016949152542373 0.18032786885245902 0.11290322580645161 0.2711864406779661 0.21153846153846154 0.15517241379310345 0.22727272727272727 0.0684931506849315 0.203125 0.078125 0.23214285714285715 0.22033898305084745 0.08888888888888889
0.5882352941176471 0.6666666666666666 0.3888888888888889 0.5483870967741935 0.45 0.2682926829268293 0.4 0.26 1.0 0.38461538461538464 0.3333333333333333 0.3023255813953488 0.29545454545454547 0.19117647058823528 0.3137254901960784 0.14634146341463414 0.3170731707317073 0.29545454545454547 0.14893617021276595 0.358974358974359 0.2682926829268293 0.425 0.4 0.13157894736842105 0.2926829268292683 0.13953488372093023 0.14705882352941177 0.24489795918367346 0.13043478260869565 0.14814814814814814 0.1320754716981132 0.26785714285714285 0.15384615384615385 0.14705882352941177 0.29545454545454547 0.2857142857142857 0.4 0.2857142857142857 0.35714285714285715 0.1346153846153846 0.14 0.125 0.32608695652173914 0.20833333333333334 0.3333333333333333 0.5294117647058824 0.36585365853658536 0.32075471698113206 0.13559322033898305 0.3469387755102041 0.13725490196078433 0.2608695652173913 0.38636363636363635 0.15151515151515152
0.47368421052631576 0.3 0.23809523809523808 0.3157894736842105 0.3333333333333333 0.22727272727272727 0.275 0.3829787234042553 0.38461538461538464 1.0 0.22727272727272727 0.3181818181818182 0.40476190476190477 0.136986301369863 0.2777777777777778 0.11363636363636363 0.3333333333333333 0.18 0.09803921568627451 0.25 0.22727272727272727 0.2553191489361702 0.3076923076923077 0.125 0.1956521739130435 0.13333333333333333 0.10810810810810811 0.18867924528301888 0.125 0.14285714285714285 0.12727272727272726 0.23728813559322035 0.11904761904761904 0.07894736842105263 0.3409090909090909 0.21739130434782608 0.2608695652173913 0.21739130434782608 0.3111111111111111 0.10909090909090909 0.1568627450980392 0.07692307692307693 0.21153846153846154 0.17647058823529413 0.2692307692307692 0.2857142857142857 0.23404255319148937 0.2631578947368421 0.11290322580645161 0.2830188679245283 0.1111111111111111 0.17647058823529413 0.3125 0.2903225806451613
0.2857142857142857 0.47058823529411764 0.47058823529411764 0.5483870967741935 0.48717948717948717 0.23809523809523808 0.4 0.21153846153846154 0.3333333333333333 0.22727272727272727 1.0 0.24444444444444444 0.2391304347826087 0.14084507042253522 0.3137254901960784 0.09302325581395349 0.2558139534883721 0.35714285714285715 0.10204081632653061 0.5142857142857142 0.23809523809523808 0.3902439024390244 0.4411764705882353 0.16216216216216217 0.65625 0.08888888888888889 0.11428571428571428 0.525 0.10638297872340426 0.12727272727272726 0.09090909090909091 0.26785714285714285 0.0975609756097561 0.14705882352941177 0.2391304347826087 0.8 0.4358974358974359 0.8 0.46153846153846156 0.11320754716981132 0.09615384615384616 0.14893617021276595 0.35555555555555557 0.1836734693877551 0.2549019607843137 0.40540540540540543 0.5555555555555556 0.2962962962962963 0.11666666666666667 0.3469387755102041 0.09433962264150944 0.5263157894736842 0.32608695652173914 0.08571428571428572
0.38095238095238093 0.2558139534883721 0.2558139534883721 0.3333333333333333 0.24 0.21739130434782608 0.2926829268292683 0.5952380952380952 0.3023255813953488 0.3181818181818182 0.24444444444444444 1.0 0.7428571428571429 0.11842105263157894 0.18333333333333332 0.04081632653061224 0.8125 0.19607843137254902 0.05454545454545454 0.26666666666666666 0.21739130434782608 0.22 0.2926829268292683 0.09302325581395349 0.2127659574468085 0.08163265306122448 0.075 0.2037037037037037 0.07692307692307693 0.08196721311475409 0.04918032786885246 0.171875 0.0425531914893617 0.10256410256410256 0.6486486486486487 0.20833333333333334 0.2 0.20833333333333334 0.22 0.05 0.05172413793103448 0.09433962264150944 0.2037037037037037 0.12727272727272726 0.21428571428571427 0.24444444444444444 0.17647058823529413 0.21311475409836064 0.07575757575757576 0.20689655172413793 0.06896551724137931 0.24 0.22641509433962265 0.05
0.5526315789473685 0.25 0.25 0.325 0.26 0.2127659574468085 0.2857142857142857 0.7435897435897436 0.29545454545454547 0.40476190476190477 0.2391304347826087 0.7428571428571429 1.0 0.11688311688311688 0.2 0.061224489795918366 0.5945945945945946 0.19230769230769232 0.07272727272727272 0.2608695652173913 0.2127659574468085 0.21568627450980393 0.2857142857142857 0.14285714285714285 0.20833333333333334 0.08 0.1 0.2 0.07547169811320754 0.09836065573770492 0.06557377049180328 0.1875 0.08695652173913043 0.1 0.55 0.22916666666666666 0.19607843137254902 0.22916666666666666 0.24 0.06666666666666667 0.06896551724137931 0.09259259259259259 0.2 0.125 0.2545454545454545 0.2391304347826087 0.17307692307692307 0.22950819672131148 0.07462686567164178 0.22413793103448276 0.08620689655172414 0.26 0.24528301886792453 0.10256410256410256
0.12162162162162163 0.1791044776119403 0.16176470588235295 0.16666666666666666 0.17567567567567569 0.17391304347826086 0.14705882352941177 0.10843373493975904 0.19117647058823528 0.136986301369863 0.14084507042253522 0.11842105263157894 0.11688311688311688 1.0 0.17073170731707318 0.10144927536231885 0.136986301369863 0.14666666666666667 0.18571428571428572 0.15492957746478872 0.17391304347826086 0.19444444444444445 0.14705882352941177 0.125 0.1232876712328767 0.09859154929577464 0.0967741935483871 0.125 0.0945945945945946 0.1518987341772152 0.12658227848101267 0.19047619047619047 0.1044776119402985 0.11475409836065574 0.11688311688311688 0.12162162162162163 0.21428571428571427 0.12162162162162163 0.1780821917808219 0.08641975308641975 0.10256410256410256 0.136986301369863 0.2 0.12987012987012986 0.13414634146341464 0.19117647058823528 0.19718309859154928 0.2073170731707317 0.1566265060240964 0.1728395061728395 0.14473684210526316 0.0875 0.16883116883116883 0.08064516129032258
0.2545454545454545 0.3541666666666667 0.27450980392156865 0.3695652173913043 0.5869565217391305 0.19642857142857142 0.2549019607843137 0.2 0.3137254901960784 0.2777777777777778 0.3137254901960784 0.18333333333333332 0.2 0.17073170731707318 1.0 0.14814814814814814 0.1896551724137931 0.22033898305084745 0.15 0.36 0.19642857142857142 0.3333333333333333 0.28 0.16 0.23636363636363636 0.10344827586206896 0.14893617021276595 0.26666666666666666 0.09836065573770492 0.14925373134328357 0.15384615384615385 0.4576271186440678 0.17647058823529413 0.125 0.2 0.3018867924528302 0.33962264150943394 0.3018867924528302 0.3090909090909091 0.12121212121212122 0.14285714285714285 0.11290322580645161 0.4074074074074074 0.1774193548387097 0.234375 0.3137254901960784 0.26785714285714285 0.5454545454545454 0.1232876712328767 0.5576923076923077 0.12307692307692308 0.21666666666666667 0.288135593220339 0.17777777777777778
0.08888888888888889 0.15384615384615385 0.125 0.10256410256410256 0.15217391304347827 0.11904761904761904 0.1 0.09433962264150944 0.14634146341463414 0.11363636363636363 0.09302325581395349 0.04081632653061224 0.061224489795918366 0.10144927536231885 0.14814814814814814 1.0 0.0425531914893617 0.15555555555555556 0.2894736842105263 0.09090909090909091 0.11904761904761904 0.13043478260869565 0.07317073170731707 0.22580645161290322 0.09090909090909091 0.6296296296296297 0.25925925925925924 0.09803921568627451 0.20512820512820512 0.2127659574468085 0.1956521739130435 0.17857142857142858 0.3793103448275862 0.1724137931034483 0.08333333333333333 0.13953488372093023 0.1590909090909091 0.13953488372093023 0.20930232558139536 0.22727272727272727 0.3333333333333333 0.13953488372093023 0.14285714285714285 0.2926829268292683 0.1346153846153846 0.14634146341463414 0.1590909090909091 0.16071428571428573 0.14814814814814814 0.24489795918367346 0.20454545454545456 0.10416666666666667 0.24444444444444444 0.2222222222222222
0.4 0.2682926829268293 0.2682926829268293 0.35135135135135137 0.25 0.22727272727272727 0.3076923076923077 0.5116279069767442 0.3170731707317073 0.3333333333333333 0.2558139534883721 0.8125 0.5945945945945946 0.136986301369863 0.1896551724137931 0.0425531914893617 1.0 0.20408163265306123 0.05660377358490566 0.27906976744186046 0.22727272727272727 0.22916666666666666 0.3076923076923077 0.0975609756097561 0.2222222222222222 0.0851063829787234 0.07894736842105263 0.21153846153846154 0.08 0.0847457627118644 0.05084745762711865 0.19672131147540983 0.044444444444444446 0.10810810810810811 0.6857142857142857 0.21739130434782608 0.2608695652173913 0.21739130434782608 0.22916666666666666 0.05172413793103448 0.05357142857142857 0.09803921568627451 0.21153846153846154 0.1320754716981132 0.2222222222222222 0.2558139534883721 0.1836734693877551 0.22033898305084745 0.078125 0.21428571428571427 0.07142857142857142 0.2 0.23529411764705882 0.05263157894736842
0.2553191489361702 0.375 0.6176470588235294 0.39473684210526316 0.3125 0.2127659574468085 0.4594594594594595 0.1724137931034483 0.29545454545454547 0.18 0.35714285714285715 0.19607843137254902 0.19230769230769232 0.14666666666666667 0.22033898305084745 0.15555555555555556 0.20408163265306123 1.0 0.18 0.28888888888888886 0.2127659574468085 0.2916666666666667 0.2857142857142857 0.17073170731707318 0.4146341463414634 0.14893617021276595 0.1 0.29411764705882354 0.14 0.15517241379310345 0.1206896551724138 0.22580645161290322 0.13636363636363635 0.1282051282051282 0.19230769230769232 0.3111111111111111 0.35555555555555557 0.3111111111111111 0.37777777777777777 0.14285714285714285 0.12727272727272726 0.20408163265306123 0.2692307692307692 0.21153846153846154 0.3018867924528302 0.32558139534883723 0.32608695652173914 0.22950819672131148 0.16129032258064516 0.26785714285714285 0.14545454545454545 0.23529411764705882 0.43478260869565216 0.04878048780487805
0.07692307692307693 0.18181818181818182 0.13043478260869565 0.1111111111111111 0.15384615384615385 0.35 0.0851063829787234 0.06557377049180328 0.14893617021276595 0.09803921568627451 0.10204081632653061 0.05454545454545454 0.07272727272727272 0.18571428571428572 0.15 0.2894736842105263 0.05660377358490566 0.18 1.0 0.1 0.35 0.1568627450980392 0.0851063829787234 0.18421052631578946 0.0784313725490196 0.1590909090909091 0.17142857142857143 0.08620689655172414 0.14893617021276595 0.18518518518518517 0.21568627450980393 0.140625 0.2702702702702703 0.1388888888888889 0.05357142857142857 0.14285714285714285 0.1836734693877551 0.14285714285714285 0.18 0.1509433962264151 0.18 0.12 0.16666666666666666 0.25 0.1 0.17391304347826086 0.16 0.18032786885245902 0.1694915254237288 0.21428571428571427 0.15384615384615385 0.09090909090909091 0.16666666666666666 0.17647058823529413
0.30952380952380953 0.45714285714285713 0.3783783783783784 0.6333333333333333 0.5526315789473685 0.23255813953488372 0.3888888888888889 0.23076923076923078 0.358974358974359 0.25 0.5142857142857142 0.26666666666666666 0.2608695652173913 0.15492957746478872 0.36 0.09090909090909091 0.27906976744186046 0.28888888888888886 0.1 1.0 0.23255813953488372 0.4146341463414634 0.42857142857142855 0.15789473684210525 0.35 0.08695652173913043 0.1111111111111111 0.47619047619047616 0.10416666666666667 0.125 0.08928571428571429 0.3584905660377358 0.09523809523809523 0.14285714285714285 0.2608695652173913 0.41025641025641024 0.3902439024390244 0.41025641025641024 0.3488372093023256 0.1111111111111111 0.09433962264150944 0.1702127659574468 0.4418604651162791 0.1568627450980392 0.32653061224489793 0.39473684210526316 0.29545454545454547 0.4791666666666667 0.0967741935483871 0.3958333333333333 0.09259259259259259 0.2553191489361702 0.3191489361702128 0.08333333333333333
0.14893617021276595 0.3157894736842105 0.25 0.2631578947368421 0.2608695652173913 1.0 0.1951219512195122 0.18867924528301888 0.2682926829268293 0.22727272727272727 0.23809523809523808 0.21739130434782608 0.2127659574468085 0.17391304347826086 0.19642857142857142 0.11904761904761904 0.22727272727272727 0.2127659574468085 0.35 0.23255813953488372 1.0 0.26666666666666666 0.225 0.13157894736842105 0.17777777777777778 0.11363636363636363 0.11428571428571428 0.19607843137254902 0.10638297872340426 0.19230769230769232 0.15384615384615385 0.18333333333333332 0.125 0.14705882352941177 0.2127659574468085 0.2 0.2727272727272727 0.2 0.2391304347826087 0.11320754716981132 0.14 0.125 0.22 0.20833333333333334 0.14285714285714285 0.3 0.24444444444444444 0.25 0.13559322033898305 0.2222222222222222 0.13725490196078433 0.16 0.22 0.1875
0.2826086956521739 0.5714285714285714 0.34146341463414637 0.4722222222222222 0.46511627906976744 0.26666666666666666 0.2558139534883721 0.19298245614035087 0.425 0.2553191489361702 0.3902439024390244 0.22 0.21568627450980393 0.19444444444444445 0.3333333333333333 0.13043478260869565 0.22916666666666666 0.2916666666666667 0.1568627450980392 0.4146341463414634 0.26666666666666666 1.0 0.38461538461538464 0.14285714285714285 0.2608695652173913 0.125 0.1 0.32 0.11764705882352941 0.13559322033898305 0.1016949152542373 0.3103448275862069 0.13636363636363635 0.1282051282051282 0.21568627450980393 0.3111111111111111 0.4878048780487805 0.3111111111111111 0.37777777777777777 0.10344827586206896 0.10714285714285714 0.1346153846153846 0.5714285714285714 0.18867924528301888 0.2545454545454545 0.5 0.35555555555555557 0.36363636363636365 0.1076923076923077 0.33962264150943394 0.10526315789473684 0.18867924528301888 0.2692307692307692 0.10256410256410256
0.34210526315789475 0.38235294117647056 0.38235294117647056 0.45161290322580644 0.375 0.225 0.35294117647058826 0.25 0.4 0.3076923076923077 0.4411764705882353 0.2926829268292683 0.2857142857142857 0.14705882352941177 0.28 0.07317073170731707 0.3076923076923077 0.2857142857142857 0.0851063829787234 0.42857142857142855 0.225 0.38461538461538464 1.0 0.14285714285714285 0.35135135135135137 0.06976744186046512 0.09090909090909091 0.3181818181818182 0.06521739130434782 0.1346153846153846 0.07547169811320754 0.23636363636363636 0.07692307692307693 0.125 0.2857142857142857 0.34210526315789475 0.325 0.34210526315789475 0.3170731707317073 0.07692307692307693 0.10204081632653061 0.13333333333333333 0.3488372093023256 0.14583333333333334 0.2708333333333333 0.32432432432432434 0.2926829268292683 0.2641509433962264 0.0847457627118644 0.2857142857142857 0.0784313725490196 0.25 0.3181818181818182 0.09375
0.15384615384615385 0.17142857142857143 0.20588235294117646 0.18181818181818182 0.16666666666666666 0.13157894736842105 0.14285714285714285 0.125 0.13157894736842105 0.125 0.16216216216216217 0.09302325581395349 0.14285714285714285 0.125 0.16 0.22580645161290322 0.0975609756097561 0.17073170731707318 0.18421052631578946 0.15789473684210525 0.13157894736842105 0.14285714285714285 0.14285714285714285 1.0 0.1282051282051282 0.14285714285714285 0.25 0.15555555555555556 0.16216216216216217 0.23255813953488372 0.18604651162790697 0.16981132075471697 0.2413793103448276 0.2 0.09090909090909091 0.25 0.14634146341463414 0.25 0.23076923076923078 0.13636363636363635 0.2 0.25 0.13043478260869565 0.1951219512195122 0.14583333333333334 0.16216216216216217 0.11904761904761904 0.12962962962962962 0.13725490196078433 0.16326530612244897 0.11363636363636363 0.16666666666666666 0.15555555555555556 0.16
0.27906976744186046 0.3076923076923077 0.6451612903225806 0.3611111111111111 0.3409090909090909 0.17777777777777778 0.6666666666666666 0.18518518518518517 0.2926829268292683 0.1956521739130435 0.65625 0.2127659574468085 0.20833333333333334 0.1232876712328767 0.23636363636363636 0.09090909090909091 0.2222222222222222 0.4146341463414634 0.0784313725490196 0.35 0.17777777777777778 0.2608695652173913 0.35135135135135137 0.1282051282051282 1.0 0.08695652173913043 0.21212121212121213 0.4090909090909091 0.1276595744680851 0.10526315789473684 0.12962962962962962 0.22033898305084745 0.09523809523809523 0.21212121212121213 0.20833333333333334 0.5277777777777778 0.29545454545454547 0.5277777777777778 0.3181818181818182 0.1320754716981132 0.09433962264150944 0.14583333333333334 0.24 0.20408163265306123 0.3829787234042553 0.2619047619047619 0.46153846153846156 0.22413793103448276 0.13333333333333333 0.2641509433962264 0.1568627450980392 0.475 0.4090909090909091 0.05405405405405406
0.10869565217391304 0.14634146341463414 0.11904761904761904 0.0975609756097561 0.12244897959183673 0.11363636363636363 0.09523809523809523 0.1111111111111111 0.13953488372093023 0.13333333333333333 0.08888888888888889 0.08163265306122448 0.08 0.09859154929577464 0.10344827586206896 0.6296296296296297 0.0851063829787234 0.14893617021276595 0.1590909090909091 0.08695652173913043 0.11363636363636363 0.125 0.06976744186046512 0.14285714285714285 0.08695652173913043 1.0 0.2 0.09433962264150944 0.2564102564102564 0.18 0.14 0.15254237288135594 0.2727272727272727 0.2 0.125 0.0851063829787234 0.15217391304347827 0.0851063829787234 0.17391304347826086 0.19148936170212766 0.2857142857142857 0.13333333333333333 0.13725490196078433 0.1956521739130435 0.10909090909090909 0.13953488372093023 0.15217391304347827 0.11666666666666667 0.14285714285714285 0.14545454545454545 0.2222222222222222 0.057692307692307696 0.20833333333333334 0.12903225806451613
0.1388888888888889 0.12121212121212122 0.23333333333333334 0.12903225806451613 0.15384615384615385 0.11428571428571428 0.2413793103448276 0.08695652173913043 0.14705882352941177 0.10810810810810811 0.11428571428571428 0.075 0.1 0.0967741935483871 0.14893617021276595 0.25925925925925924 0.07894736842105263 0.1 0.17142857142857143 0.1111111111111111 0.11428571428571428 0.1 0.09090909090909091 0.25 0.21212121212121213 0.2 1.0 0.11627906976744186 0.14705882352941177 0.16666666666666666 0.23684210526315788 0.13725490196078433 0.3333333333333333 0.5294117647058824 0.07317073170731707 0.17142857142857143 0.10256410256410256 0.17142857142857143 0.15789473684210525 0.1794871794871795 0.2571428571428571 0.10810810810810811 0.09090909090909091 0.21621621621621623 0.18604651162790697 0.11428571428571428 0.10256410256410256 0.11764705882352941 0.17391304347826086 0.15217391304347827 0.25 0.15384615384615385 0.17073170731707318 0.25
0.21153846153846154 0.3409090909090909 0.37209302325581395 0.3902439024390244 0.3958333333333333 0.19607843137254902 0.3181818181818182 0.18032786885245902 0.24489795918367346 0.18867924528301888 0.525 0.2037037037037037 0.2 0.125 0.26666666666666666 0.09803921568627451 0.21153846153846154 0.29411764705882354 0.08620689655172414 0.47619047619047616 0.19607843137254902 0.32 0.3181818181818182 0.15555555555555556 0.4090909090909091 0.09433962264150944 0.11627906976744186 1.0 0.12962962962962962 0.16393442622950818 0.09523809523809523 0.2698412698412698 0.10204081632653061 0.14285714285714285 0.2 0.4318181818181818 0.32653061224489793 0.4318181818181818 0.3469387755102041 0.13333333333333333 0.11864406779661017 0.16666666666666666 0.32075471698113206 0.17543859649122806 0.25862068965517243 0.32608695652173914 0.3 0.29508196721311475 0.11764705882352941 0.29310344827586204 0.09836065573770492 0.28846153846153844 0.2962962962962963 0.06818181818181818
0.10204081632653061 0.13636363636363635 0.13636363636363635 0.09090909090909091 0.11538461538461539 0.10638297872340426 0.11363636363636363 0.08620689655172414 0.13043478260869565 0.125 0.10638297872340426 0.07692307692307693 0.07547169811320754 0.0945945945945946 0.09836065573770492 0.20512820512820512 0.08 0.14 0.14893617021276595 0.10416666666666667 0.10638297872340426 0.11764705882352941 0.06521739130434782 0.16216216216216217 0.1276595744680851 0.2564102564102564 0.14705882352941177 0.12962962962962962 1.0 0.14814814814814814 0.15384615384615385 0.109375 0.18421052631578946 0.14705882352941177 0.09615384615384616 0.10204081632653061 0.12 0.10204081632653061 0.14 0.37209302325581395 0.16326530612244897 0.4594594594594595 0.10909090909090909 0.1836734693877551 0.16363636363636364 0.13043478260869565 0.14285714285714285 0.1111111111111111 0.19642857142857142 0.1 0.13725490196078433 0.07407407407407407 0.1509433962264151 0.11764705882352941
0.10344827586206896 0.15384615384615385 0.15384615384615385 0.13725490196078433 0.1724137931034483 0.19230769230769232 0.11320754716981132 0.08955223880597014 0.14814814814814814 0.14285714285714285 0.12727272727272726 0.08196721311475409 0.09836065573770492 0.1518987341772152 0.14925373134328357 0.2127659574468085 0.0847457627118644 0.15517241379310345 0.18518518518518517 0.125 0.19230769230769232 0.13559322033898305 0.1346153846153846 0.23255813953488372 0.10526315789473684 0.18 0.16666666666666666 0.16393442622950818 0.14814814814814814 1.0 0.22807017543859648 0.19117647058823528 0.2222222222222222 0.16666666666666666 0.08064516129032258 0.14285714285714285 0.15789473684210525 0.14285714285714285 0.24074074074074073 0.15 0.34 0.14285714285714285 0.16393442622950818 0.21428571428571427 0.12121212121212122 0.14814814814814814 0.13793103448275862 0.15942028985507245 0.2222222222222222 0.16923076923076924 0.23636363636363636 0.0967741935483871 0.24561403508771928 0.17073170731707318
0.08771929824561403 0.11538461538461539 0.16 0.09803921568627451 0.13793103448275862 0.15384615384615385 0.14 0.05970149253731343 0.1320754716981132 0.12727272727272726 0.09090909090909091 0.04918032786885246 0.06557377049180328 0.12658227848101267 0.15384615384615385 0.1956521739130435 0.05084745762711865 0.1206896551724138 0.21568627450980393 0.08928571428571429 0.15384615384615385 0.1016949152542373 0.07547169811320754 0.18604651162790697 0.12962962962962962 0.14 0.23684210526315788 0.09523809523809523 0.15384615384615385 0.22807017543859648 1.0 0.14492753623188406 0.23255813953488372 0.175 0.04838709677419355 0.12727272727272726 0.10344827586206896 0.12727272727272726 0.2037037037037037 0.17543859649122806 0.22641509433962265 0.12727272727272726 0.09523809523809523 0.2 0.14285714285714285 0.1111111111111111 0.10344827586206896 0.11428571428571428 0.36363636363636365 0.13846153846153847 0.2222222222222222 0.1 0.1694915254237288 0.24324324324324326
0.21666666666666667 0.3018867924528302 0.2545454545454545 0.34 0.4 0.18333333333333332 0.25925925925925924 0.18840579710144928 0.26785714285714285 0.23728813559322035 0.26785714285714285 0.171875 0.1875 0.19047619047619047 0.4576271186440678 0.17857142857142858 0.19672131147540983 0.22580645161290322 0.140625 0.3584905660377358 0.18333333333333332 0.3103448275862069 0.23636363636363636 0.16981132075471697 0.22033898305084745 0.15254237288135594 0.13725490196078433 0.2698412698412698 0.109375 0.19117647058823528 0.14492753623188406 1.0 0.18518518518518517 0.13725490196078433 0.1875 0.23728813559322035 0.36363636363636365 0.23728813559322035 0.3333333333333333 0.13043478260869565 0.1875 0.12307692307692308 0.3333333333333333 0.203125 0.23880597014925373 0.2909090909090909 0.2711864406779661 0.5084745762711864 0.14666666666666667 0.49122807017543857 0.14925373134328357 0.16666666666666666 0.3559322033898305 0.11764705882352941
0.11904761904761904 0.16216216216216217 0.13157894736842105 0.10810810810810811 0.1590909090909091 0.125 0.10526315789473684 0.07692307692307693 0.15384615384615385 0.11904761904761904 0.0975609756097561 0.0425531914893617 0.08695652173913043 0.1044776119402985 0.17647058823529413 0.3793103448275862 0.044444444444444446 0.13636363636363635 0.2702702702702703 0.09523809523809523 0.125 0.13636363636363635 0.07692307692307693 0.2413793103448276 0.09523809523809523 0.2727272727272727 0.3333333333333333 0.10204081632653061 0.18421052631578946 0.2222222222222222 0.23255813953488372 0.18518518518518517 1.0 0.23076923076923078 0.041666666666666664 0.14634146341463414 0.16666666666666666 0.14634146341463414 0.21951219512195122 0.18181818181818182 0.3157894736842105 0.11904761904761904 0.14893617021276595 0.34210526315789475 0.14 0.15384615384615385 0.16666666666666666 0.16666666666666666 0.17647058823529413 0.20408163265306123 0.24390243902439024 0.10869565217391304 0.2 0.34782608695652173
0.10810810810810811 0.15625 0.27586206896551724 0.16666666666666666 0.15384615384615385 0.14705882352941177 0.2413793103448276 0.08695652173913043 0.14705882352941177 0.07894736842105263 0.14705882352941177 0.10256410256410256 0.1 0.11475409836065574 0.125 0.1724137931034483 0.10810810810810811 0.1282051282051282 0.1388888888888889 0.14285714285714285 0.14705882352941177 0.1282051282051282 0.125 0.2 0.21212121212121213 0.2 0.5294117647058824 0.14285714285714285 0.14705882352941177 0.16666666666666666 0.175 0.13725490196078433 0.23076923076923078 1.0 0.1 0.1388888888888889 0.13157894736842105 0.1388888888888889 0.15789473684210525 0.15 0.1891891891891892 0.1388888888888889 0.11627906976744186 0.15384615384615385 0.1590909090909091 0.14705882352941177 0.10256410256410256 0.11764705882352941 0.14893617021276595 0.1276595744680851 0.21621621621621623 0.0975609756097561 0.14285714285714285 0.13636363636363635
0.37209302325581395 0.25 0.25 0.325 0.23529411764705882 0.2127659574468085 0.2857142857142857 0.6190476190476191 0.29545454545454547 0.3409090909090909 0.2391304347826087 0.6486486486486487 0.55 0.11688311688311688 0.2 0.08333333333333333 0.6857142857142857 0.19230769230769232 0.05357142857142857 0.2608695652173913 0.2127659574468085 0.21568627450980393 0.2857142857142857 0.09090909090909091 0.20833333333333334 0.125 0.07317073170731707 0.2 0.09615384615384616 0.08064516129032258 0.04838709677419355 0.1875 0.041666666666666664 0.1 1.0 0.20408163265306123 0.22 0.20408163265306123 0.21568627450980393 0.10344827586206896 0.08771929824561403 0.11320754716981132 0.2 0.125 0.23214285714285715 0.2391304347826087 0.17307692307692307 0.22950819672131148 0.07462686567164178 0.2033898305084746 0.06779661016949153 0.18867924528301888 0.2222222222222222 0.04878048780487805
0.2727272727272727 0.40540540540540543 0.40540540540540543 0.47058823529411764 0.42857142857142855 0.2 0.34210526315789475 0.2037037037037037 0.2857142857142857 0.21739130434782608 0.8 0.20833333333333334 0.22916666666666666 0.12162162162162163 0.3018867924528302 0.13953488372093023 0.21739130434782608 0.3111111111111111 0.14285714285714285 0.41025641025641024 0.2 0.3111111111111111 0.34210526315789475 0.25 0.5277777777777778 0.0851063829787234 0.17142857142857143 0.4318181818181818 0.10204081632653061 0.14285714285714285 0.12727272727272726 0.23728813559322035 0.14634146341463414 0.1388888888888889 0.20408163265306123 1.0 0.3488372093023256 1.0 0.43902439024390244 0.12962962962962962 0.1346153846153846 0.12 0.2857142857142857 0.2 0.24528301886792453 0.35 0.45 0.2631578947368421 0.13114754098360656 0.3333333333333333 0.1111111111111111 0.6666666666666666 0.3125 0.14285714285714285
0.2608695652173913 0.5882352941176471 0.38461538461538464 0.4857142857142857 0.47619047619047616 0.2727272727272727 0.2926829268292683 0.19642857142857142 0.4 0.2608695652173913 0.4358974358974359 0.2 0.19607843137254902 0.21428571428571427 0.33962264150943394 0.1590909090909091 0.2608695652173913 0.35555555555555557 0.1836734693877551 0.3902439024390244 0.2727272727272727 0.4878048780487805 0.325 0.14634146341463414 0.29545454545454547 0.15217391304347827 0.10256410256410256 0.32653061224489793 0.12 0.15789473684210525 0.10344827586206896 0.36363636363636365 0.16666666666666666 0.13157894736842105 0.22 0.3488372093023256 1.0 0.3488372093023256 0.4523809523809524 0.10526315789473684 0.12962962962962962 0.13725490196078433 0.41304347826086957 0.21568627450980393 0.19298245614035087 0.5135135135135135 0.5 0.39622641509433965 0.109375 0.42857142857142855 0.12727272727272726 0.21568627450980393 0.32653061224489793 0.10526315789473684
0.2727272727272727 0.40540540540540543 0.40540540540540543 0.47058823529411764 0.42857142857142855 0.2 0.34210526315789475 0.2037037037037037 0.2857142857142857 0.21739130434782608 0.8 0.20833333333333334 0.22916666666666666 0.12162162162162163 0.3018867924528302 0.13953488372093023 0.21739130434782608 0.3111111111111111 0.14285714285714285 0.41025641025641024 0.2 0.3111111111111111 0.34210526315789475 0.25 0.5277777777777778 0.0851063829787234 0.17142857142857143 0.4318181818181818 0.10204081632653061 0.14285714285714285 0.12727272727272726 0.23728813559322035 0.14634146341463414 0.1388888888888889 0.20408163265306123 1.0 0.3488372093023256 1.0 0.43902439024390244 0.12962962962962962 0.1346153846153846 0.12 0.2857142857142857 0.2 0.24528301886792453 0.35 0.45 0.2631578947368421 0.13114754098360656 0.3333333333333333 0.1111111111111111 0.6666666666666666 0.3125 0.14285714285714285
0.2826086956521739 0.5277777777777778 0.41025641025641024 0.4722222222222222 0.4318181818181818 0.2391304347826087 0.38461538461538464 0.21428571428571427 0.35714285714285715 0.3111111111111111 0.46153846153846156 0.22 0.24 0.1780821917808219 0.3090909090909091 0.20930232558139536 0.22916666666666666 0.37777777777777777 0.18 0.3488372093023256 0.2391304347826087 0.37777777777777777 0.3170731707317073 0.23076923076923078 0.3181818181818182 0.17391304347826086 0.15789473684210525 0.3469387755102041 0.14 0.24074074074074073 0.2037037037037037 0.3333333333333333 0.21951219512195122 0.15789473684210525 0.21568627450980393 0.43902439024390244 0.4523809523809524 0.43902439024390244 1.0 0.14285714285714285 0.19230769230769232 0.1568627450980392 0.375 0.26 0.2777777777777778 0.46153846153846156 0.4523809523809524 0.3157894736842105 0.18032786885245902 0.36538461538461536 0.16666666666666666 0.2857142857142857 0.43478260869565216 0.16216216216216217
0.08928571428571429 0.11764705882352941 0.14 0.1 0.14035087719298245 0.11320754716981132 0.12 0.1111111111111111 0.1346153846153846 0.10909090909090909 0.11320754716981132 0.05 0.06666666666666667 0.08641975308641975 0.12121212121212122 0.22727272727272727 0.05172413793103448 0.14285714285714285 0.1509433962264151 0.1111111111111111 0.11320754716981132 0.10344827586206896 0.07692307692307693 0.13636363636363635 0.1320754716981132 0.19148936170212766 0.1794871794871795 0.13333333333333333 0.37209302325581395 0.15 0.17543859649122806 0.13043478260869565 0.18181818181818182 0.15 0.10344827586206896 0.12962962962962962 0.10526315789473684 0.12962962962962962 0.14285714285714285 1.0 0.20754716981132076 0.22 0.0967741935483871 0.18181818181818182 0.18333333333333332 0.11320754716981132 0.125 0.1323529411764706 0.2542372881355932 0.12307692307692308 0.16071428571428573 0.1016949152542373 0.1724137931034483 0.15384615384615385
0.09259259259259259 0.12244897959183673 0.12244897959183673 0.10416666666666667 0.14545454545454545 0.14 0.10204081632653061 0.0967741935483871 0.14 0.1568627450980392 0.09615384615384616 0.05172413793103448 0.06896551724137931 0.10256410256410256 0.14285714285714285 0.3333333333333333 0.05357142857142857 0.12727272727272726 0.18 0.09433962264150944 0.14 0.10714285714285714 0.10204081632653061 0.2 0.09433962264150944 0.2857142857142857 0.2571428571428571 0.11864406779661017 0.16326530612244897 0.34 0.22641509433962265 0.1875 0.3157894736842105 0.1891891891891892 0.08771929824561403 0.1346153846153846 0.12962962962962962 0.1346153846153846 0.19230769230769232 0.20754716981132076 1.0 0.11320754716981132 0.11864406779661017 0.21153846153846154 0.13114754098360656 0.11764705882352941 0.12962962962962962 0.13636363636363635 0.18032786885245902 0.18333333333333332 0.26 0.10526315789473684 0.2692307692307692 0.2647058823529412
0.09803921568627451 0.15555555555555556 0.20930232558139536 0.16279069767441862 0.1320754716981132 0.125 0.1590909090909091 0.1016949152542373 0.125 0.07692307692307693 0.14893617021276595 0.09433962264150944 0.09259259259259259 0.136986301369863 0.11290322580645161 0.13953488372093023 0.09803921568627451 0.20408163265306123 0.12 0.1702127659574468 0.125 0.1346153846153846 0.13333333333333333 0.25 0.14583333333333334 0.13333333333333333 0.10810810810810811 0.16666666666666666 0.4594594594594595 0.14285714285714285 0.12727272727272726 0.12307692307692308 0.11904761904761904 0.1388888888888889 0.11320754716981132 0.12 0.13725490196078433 0.12 0.1568627450980392 0.22 0.11320754716981132 1.0 0.125 0.15384615384615385 0.2 0.14893617021276595 0.11538461538461539 0.125 0.11290322580645161 0.11475409836065574 0.1111111111111111 0.07142857142857142 0.14545454545454545 0.05263157894736842
0.23529411764705882 0.43902439024390244 0.2826086956521739 0.3902439024390244 0.45652173913043476 0.22 0.23404255319148937 0.18032786885245902 0.32608695652173914 0.21153846153846154 0.35555555555555557 0.2037037037037037 0.2 0.2 0.4074074074074074 0.14285714285714285 0.21153846153846154 0.2692307692307692 0.16666666666666666 0.4418604651162791 0.22 0.5714285714285714 0.3488372093023256 0.13043478260869565 0.24 0.13725490196078433 0.09090909090909091 0.32075471698113206 0.10909090909090909 0.16393442622950818 0.09523809523809523 0.3333333333333333 0.14893617021276595 0.11627906976744186 0.2 0.2857142857142857 0.41304347826086957 0.2857142857142857 0.375 0.0967741935483871 0.11864406779661017 0.125 1.0 0.19642857142857142 0.21666666666666667 0.38636363636363635 0.32653061224489793 0.4107142857142857 0.11764705882352941 0.3888888888888889 0.11666666666666667 0.17543859649122806 0.2727272727272727 0.09302325581395349
