1.0 0.19047619047619047 0.13385826771653545 0.22033898305084745 0.12413793103448276 0.072992700729927 0.1532258064516129 0.2013888888888889 0.49019607843137253 0.25984251968503935 0.11194029850746269 0.1619718309859155 0.3333333333333333 0.05701754385964912 0.09036144578313253 0.040983606557377046 0.17518248175182483 0.10416666666666667 0.03289473684210526 0.09929078014184398 0.072992700729927 0.12 0.12307692307692308 0.06140350877192982 0.11851851851851852 0.04580152671755725 0.05825242718446602 0.08917197452229299 0.04580152671755725 0.03680981595092025 0.03389830508474576 0.07777777777777778 0.0423728813559322 0.04807692307692308 0.13286713286713286 0.1 0.10810810810810811 0.1 0.12837837837837837 0.03870967741935484 0.03821656050955414 0.04285714285714286 0.08695652173913043 0.06 0.12804878048780488 0.12686567164179105 0.07947019867549669 0.08045977011494253 0.043243243243243246 0.10240963855421686 0.037037037037037035 0.1056338028169014 0.12837837837837837 0.037037037037037035
0.19047619047619047 1.0 0.17543859649122806 0.5952380952380952 0.2966101694915254 0.12295081967213115 0.1875 0.09395973154362416 0.4639175257731959 0.11940298507462686 0.17796610169491525 0.09929078014184398 0.1 0.06944444444444445 0.1476510067114094 0.05405405405405406 0.11029411764705882 0.14615384615384616 0.06521739130434782 0.19834710743801653 0.12295081967213115 0.264 0.15254237288135594 0.05714285714285714 0.128 0.049586776859504134 0.06451612903225806 0.13380281690140844 0.049586776859504134 0.07432432432432433 0.048484848484848485 0.10843373493975904 0.056074766355140186 0.06451612903225806 0.10144927536231885 0.17073170731707318 0.232 0.17073170731707318 0.23622047244094488 0.041379310344827586 0.04081632653061224 0.05426356589147287 0.17857142857142858 0.07194244604316546 0.12179487179487179 0.4842105263157895 0.1417910447761194 0.1337579617834395 0.057803468208092484 0.15333333333333332 0.05333333333333334 0.09701492537313433 0.17164179104477612 0.04081632653061224
0.13385826771653545 0.17543859649122806 1.0 0.18518518518518517 0.1484375 0.10084033613445378 0.49411764705882355 0.07534246575342465 0.1623931623931624 0.07462686567164178 0.14655172413793102 0.08759124087591241 0.08029197080291971 0.056338028169014086 0.11486486486486487 0.04716981132075472 0.09848484848484848 0.5543478260869565 0.06818181818181818 0.13008130081300814 0.10084033613445378 0.13432835820895522 0.1111111111111111 0.07142857142857142 0.45161290322580644 0.04310344827586207 0.10714285714285714 0.12318840579710146 0.05217391304347826 0.0625 0.056962025316455694 0.09202453987730061 0.049019607843137254 0.12048192771084337 0.09774436090225563 0.13114754098360656 0.13846153846153847 0.13114754098360656 0.14393939393939395 0.050724637681159424 0.05 0.0743801652892562 0.10416666666666667 0.07518796992481203 0.2246376811594203 0.1440677966101695 0.13076923076923078 0.10256410256410256 0.05357142857142857 0.12080536912751678 0.10144927536231885 0.11023622047244094 0.25833333333333336 0.03225806451612903
0.22033898305084745 0.5952380952380952 0.18518518518518517 1.0 0.3125 0.11016949152542373 0.3368421052631579 0.11347517730496454 0.25925925925925924 0.125 0.20909090909090908 0.12030075187969924 0.12121212121212122 0.0514018691588785 0.13793103448275862 0.037383177570093455 0.1328125 0.144 0.03676470588235294 0.25225225225225223 0.11016949152542373 0.256198347107438 0.17117117117117117 0.06060606060606061 0.13445378151260504 0.03418803418803419 0.056818181818181816 0.14814814814814814 0.04310344827586207 0.07746478873239436 0.037267080745341616 0.12658227848101267 0.038834951456310676 0.06896551724137931 0.12307692307692308 0.1896551724137931 0.21311475409836064 0.1896551724137931 0.22764227642276422 0.04316546762589928 0.035211267605633804 0.056910569105691054 0.16911764705882354 0.05925925925925926 0.19858156028368795 0.27358490566037735 0.13076923076923078 0.1390728476821192 0.047337278106508875 0.1597222222222222 0.0410958904109589 0.11023622047244094 0.2689075630252101 0.03225806451612903
0.12413793103448276 0.2966101694915254 0.1484375 0.3125 1.0 0.1111111111111111 0.12307692307692308 0.1 0.14814814814814814 0.11643835616438356 0.216 0.09090909090909091 0.09868421052631579 0.05627705627705628 0.2867132867132867 0.056910569105691054 0.09333333333333334 0.125 0.06666666666666667 0.234375 0.1111111111111111 0.22142857142857142 0.14615384615384616 0.05982905982905983 0.14925373134328357 0.04477611940298507 0.05660377358490566 0.16778523489932887 0.05263157894736842 0.06832298136645963 0.06285714285714286 0.1588235294117647 0.06779661016949153 0.05660377358490566 0.09271523178807947 0.18045112781954886 0.21897810218978103 0.18045112781954886 0.18055555555555555 0.05806451612903226 0.0641025641025641 0.05673758865248227 0.20270270270270271 0.08 0.09941520467836257 0.203125 0.14482758620689656 0.17177914110429449 0.06521739130434782 0.25675675675675674 0.062111801242236024 0.1111111111111111 0.13333333333333333 0.05504587155963303
0.072992700729927 0.12295081967213115 0.10084033613445378 0.11016949152542373 0.1111111111111111 1.0 0.08333333333333333 0.08843537414965986 0.09448818897637795 0.08888888888888889 0.0967741935483871 0.09352517985611511 0.08633093525179857 0.06046511627906977 0.07692307692307693 0.045871559633027525 0.0962962962962963 0.09774436090225563 0.2413793103448276 0.09230769230769231 1.0 0.10714285714285714 0.08130081300813008 0.058823529411764705 0.08661417322834646 0.05084745762711865 0.054945054945054944 0.07482993197278912 0.05982905982905983 0.08333333333333333 0.04938271604938271 0.07738095238095238 0.047619047619047616 0.06666666666666667 0.08759124087591241 0.07633587786259542 0.10218978102189781 0.07633587786259542 0.08450704225352113 0.04964539007092199 0.07142857142857142 0.064 0.087248322147651 0.08955223880597014 0.06172839506172839 0.104 0.08695652173913043 0.10062893081761007 0.07142857142857142 0.08280254777070063 0.06164383561643835 0.058823529411764705 0.09219858156028368 0.07608695652173914
0.1532258064516129 0.1875 0.49411764705882355 0.3368421052631579 0.12307692307692308 0.08333333333333333 1.0 0.09090909090909091 0.18421052631578946 0.10852713178294573 0.13793103448275862 0.0962962962962963 0.09701492537313433 0.051643192488262914 0.10067114093959731 0.03773584905660377 0.1076923076923077 0.25663716814159293 0.04477611940298507 0.13114754098360656 0.08333333333333333 0.10218978102189781 0.12173913043478261 0.050505050505050504 0.45652173913043476 0.043478260869565216 0.10843373493975904 0.1 0.05263157894736842 0.05555555555555555 0.05063291139240506 0.09259259259259259 0.0392156862745098 0.10843373493975904 0.09848484848484848 0.12295081967213115 0.09701492537313433 0.12295081967213115 0.18110236220472442 0.051094890510948905 0.04285714285714286 0.05737704918032787 0.07482993197278912 0.06766917293233082 0.3548387096774194 0.1452991452991453 0.13178294573643412 0.1032258064516129 0.047619047619047616 0.10666666666666667 0.09420289855072464 0.1111111111111111 0.5151515151515151 0.021505376344086023
0.2013888888888889 0.09395973154362416 0.07534246575342465 0.11347517730496454 0.1 0.08843537414965986 0.09090909090909091 1.0 0.10738255033557047 0.18493150684931506 0.087248322147651 0.3383458646616541 0.48739495798319327 0.049586776859504134 0.07777777777777778 0.04477611940298507 0.28888888888888886 0.06172839506172839 0.036585365853658534 0.08387096774193549 0.08843537414965986 0.09696969696969697 0.08904109589041095 0.046875 0.0718954248366013 0.06382978723404255 0.042735042735042736 0.08235294117647059 0.034482758620689655 0.04 0.02617801047120419 0.078125 0.03816793893129771 0.042735042735042736 0.34615384615384615 0.0915032679738562 0.07272727272727272 0.0915032679738562 0.08433734939759036 0.041916167664670656 0.047619047619047616 0.0392156862745098 0.08045977011494253 0.06832298136645963 0.09392265193370165 0.08609271523178808 0.060240963855421686 0.08648648648648649 0.035175879396984924 0.08287292817679558 0.05232558139534884 0.08974358974358974 0.08433734939759036 0.03305785123966942
0.49019607843137253 0.4639175257731959 0.1623931623931624 0.25925925925925924 0.14814814814814814 0.09448818897637795 0.18421052631578946 0.10738255033557047 1.0 0.16923076923076924 0.11023622047244094 0.13768115942028986 0.13043478260869565 0.08372093023255814 0.12337662337662338 0.0625 0.15037593984962405 0.12686567164179105 0.05673758865248227 0.11363636363636363 0.09448818897637795 0.1510791366906475 0.14049586776859505 0.046296296296296294 0.1171875 0.05737704918032787 0.06315789473684211 0.08666666666666667 0.05737704918032787 0.05228758169934641 0.05421686746987952 0.08771929824561403 0.05504587155963303 0.06315789473684211 0.1079136690647482 0.10606060606060606 0.1386861313868613 0.10606060606060606 0.15217391304347827 0.05517241379310345 0.0472972972972973 0.05343511450381679 0.10596026490066225 0.07092198581560284 0.14193548387096774 0.3364485981308411 0.11510791366906475 0.1111111111111111 0.06321839080459771 0.12903225806451613 0.059602649006622516 0.09558823529411764 0.16911764705882354 0.050505050505050504
0.25984251968503935 0.11940298507462686 0.07462686567164178 0.125 0.11643835616438356 0.08888888888888889 0.10852713178294573 0.18493150684931506 0.16923076923076924 1.0 0.08759124087591241 0.12244897959183673 0.17985611510791366 0.04782608695652174 0.09696969696969697 0.049586776859504134 0.1258741258741259 0.06711409395973154 0.04666666666666667 0.08391608391608392 0.08888888888888889 0.09090909090909091 0.10606060606060606 0.04310344827586207 0.07857142857142857 0.04580152671755725 0.0380952380952381 0.08227848101265822 0.04580152671755725 0.049689440993788817 0.03977272727272727 0.07777777777777778 0.0603448275862069 0.02830188679245283 0.13286713286713286 0.08450704225352113 0.08609271523178808 0.08450704225352113 0.11333333333333333 0.03870967741935484 0.07236842105263158 0.03546099290780142 0.08024691358024691 0.07432432432432433 0.1144578313253012 0.11851851851851852 0.07947019867549669 0.09302325581395349 0.04891304347826087 0.10909090909090909 0.037037037037037035 0.07534246575342465 0.12080536912751678 0.15463917525773196
0.11194029850746269 0.17796610169491525 0.14655172413793102 0.20909090909090908 0.216 0.0967741935483871 0.13793103448275862 0.087248322147651 0.11023622047244094 0.08759124087591241 1.0 0.1079136690647482 0.10071942446043165 0.045454545454545456 0.11842105263157894 0.03571428571428571 0.1111111111111111 0.12121212121212122 0.04285714285714286 0.19008264462809918 0.0967741935483871 0.16296296296296298 0.16379310344827586 0.057692307692307696 0.4 0.04132231404958678 0.0425531914893617 0.22137404580152673 0.06779661016949153 0.05333333333333334 0.03614457831325301 0.09580838323353294 0.04672897196261682 0.053763440860215055 0.11029411764705882 0.5714285714285714 0.18604651162790697 0.5714285714285714 0.3448275862068966 0.041666666666666664 0.034013605442176874 0.07142857142857142 0.14685314685314685 0.07246376811594203 0.0875 0.15702479338842976 0.29914529914529914 0.11320754716981132 0.04597701149425287 0.1390728476821192 0.04666666666666667 0.23728813559322035 0.13043478260869565 0.030612244897959183
0.1619718309859155 0.09929078014184398 0.08759124087591241 0.12030075187969924 0.09090909090909091 0.09352517985611511 0.0962962962962963 0.3383458646616541 0.13768115942028986 0.12244897959183673 0.1079136690647482 1.0 0.5648148148148148 0.055793991416309016 0.07514450867052024 0.015384615384615385 0.6435643564356436 0.07894736842105263 0.03184713375796178 0.08843537414965986 0.09352517985611511 0.0880503144654088 0.09420289855072464 0.03278688524590164 0.08333333333333333 0.04411764705882353 0.045871559633027525 0.08641975308641975 0.028985507246376812 0.03571428571428571 0.03296703296703297 0.08152173913043478 0.024 0.05555555555555555 0.42735042735042733 0.09655172413793103 0.06962025316455696 0.09655172413793103 0.08860759493670886 0.018404907975460124 0.037037037037037035 0.03424657534246575 0.08433734939759036 0.07894736842105263 0.07344632768361582 0.09090909090909091 0.07006369426751592 0.0782122905027933 0.03664921465968586 0.07428571428571429 0.048484848484848485 0.0945945945945946 0.08176100628930817 0.017391304347826087
0.3333333333333333 0.1 0.08029197080291971 0.12121212121212122 0.09868421052631579 0.08633093525179857 0.09701492537313433 0.48739495798319327 0.13043478260869565 0.17985611510791366 0.10071942446043165 0.5648148148148148 1.0 0.05150214592274678 0.0755813953488372 0.0234375 0.33064516129032256 0.06535947712418301 0.03205128205128205 0.08904109589041095 0.08633093525179857 0.08860759493670886 0.0948905109489051 0.059322033898305086 0.08391608391608392 0.044444444444444446 0.046296296296296294 0.08695652173913043 0.029197080291970802 0.04216867469879518 0.027472527472527472 0.08791208791208792 0.040983606557377046 0.046296296296296294 0.30708661417322836 0.09722222222222222 0.07006369426751592 0.09722222222222222 0.09615384615384616 0.024844720496894408 0.050314465408805034 0.034482758620689655 0.08484848484848485 0.07236842105263158 0.08620689655172414 0.09154929577464789 0.056962025316455694 0.0847457627118644 0.031413612565445025 0.0872093023255814 0.04878048780487805 0.09523809523809523 0.08917197452229299 0.03571428571428571
0.05701754385964912 0.06944444444444445 0.056338028169014086 0.0514018691588785 0.05627705627705628 0.06046511627906977 0.051643192488262914 0.049586776859504134 0.08372093023255814 0.04782608695652174 0.045454545454545456 0.055793991416309016 0.05150214592274678 1.0 0.06938775510204082 0.050505050505050504 0.06140350877192982 0.05263157894736842 0.06726457399103139 0.05357142857142857 0.06046511627906977 0.0641025641025641 0.04608294930875576 0.046632124352331605 0.04504504504504504 0.05314009661835749 0.03825136612021858 0.04564315352697095 0.0380952380952381 0.05485232067510549 0.047619047619047616 0.08267716535433071 0.046153846153846156 0.04395604395604396 0.04741379310344827 0.044444444444444446 0.084070796460177 0.044444444444444446 0.06896551724137931 0.03862660944206009 0.04721030042918455 0.05581395348837209 0.07563025210084033 0.06666666666666667 0.05138339920948617 0.08411214953271028 0.09417040358744394 0.10245901639344263 0.07450980392156863 0.06882591093117409 0.06866952789699571 0.030303030303030304 0.06437768240343347 0.026595744680851064
0.09036144578313253 0.1476510067114094 0.11486486486486487 0.13793103448275862 0.2867132867132867 0.07692307692307693 0.10067114093959731 0.07777777777777778 0.12337662337662338 0.09696969696969697 0.11842105263157894 0.07514450867052024 0.0755813953488372 0.06938775510204082 1.0 0.07246376811594203 0.07692307692307693 0.10429447852760736 0.0658682634730539 0.1282051282051282 0.07692307692307693 0.13855421686746988 0.09868421052631579 0.06766917293233082 0.10256410256410256 0.046357615894039736 0.056910569105691054 0.09714285714285714 0.05333333333333334 0.05555555555555555 0.0625 0.21468926553672316 0.08270676691729323 0.04838709677419355 0.08284023668639054 0.10759493670886076 0.12121212121212122 0.10759493670886076 0.10588235294117647 0.07058823529411765 0.05747126436781609 0.056962025316455694 0.14619883040935672 0.07142857142857142 0.09574468085106383 0.12418300653594772 0.10179640718562874 0.25903614457831325 0.054187192118226604 0.3877551020408163 0.06779661016949153 0.09202453987730061 0.11242603550295859 0.07258064516129033
0.040983606557377046 0.05405405405405406 0.04716981132075472 0.037383177570093455 0.056910569105691054 0.045871559633027525 0.03773584905660377 0.04477611940298507 0.0625 0.049586776859504134 0.03571428571428571 0.015384615384615385 0.0234375 0.050505050505050504 0.07246376811594203 1.0 0.015873015873015872 0.07692307692307693 0.13761467889908258 0.03389830508474576 0.045871559633027525 0.0546875 0.02727272727272727 0.08641975308641975 0.03508771929824561 0.4246575342465753 0.10144927536231885 0.045454545454545456 0.08333333333333333 0.088 0.06382978723404255 0.08783783783783784 0.15384615384615385 0.07042253521126761 0.032 0.05217391304347826 0.056451612903225805 0.05217391304347826 0.08064516129032258 0.0847457627118644 0.13043478260869565 0.056074766355140186 0.05970149253731343 0.13513513513513514 0.04827586206896552 0.05357142857142857 0.056910569105691054 0.06896551724137931 0.05263157894736842 0.11940298507462686 0.08870967741935484 0.04201680672268908 0.09836065573770492 0.09722222222222222
0.17518248175182483 0.11029411764705882 0.09848484848484848 0.1328125 0.09333333333333334 0.0962962962962963 0.1076923076923077 0.28888888888888886 0.15037593984962405 0.1258741258741259 0.1111111111111111 0.6435643564356436 0.33064516129032256 0.06140350877192982 0.07692307692307693 0.015873015873015872 1.0 0.08108108108108109 0.032679738562091505 0.09090909090909091 0.0962962962962963 0.09740259740259741 0.09701492537313433 0.03389830508474576 0.09352517985611511 0.03759398496240601 0.047619047619047616 0.08860759493670886 0.029850746268656716 0.036585365853658534 0.033707865168539325 0.07734806629834254 0.01639344262295082 0.057692307692307696 0.46846846846846846 0.09154929577464789 0.09271523178807947 0.09154929577464789 0.09803921568627451 0.018867924528301886 0.018633540372670808 0.0425531914893617 0.08641975308641975 0.06666666666666667 0.08139534883720931 0.09352517985611511 0.0718954248366013 0.08 0.043010752688172046 0.07602339181286549 0.043209876543209874 0.0896551724137931 0.08387096774193549 0.018018018018018018
0.10416666666666667 0.14615384615384616 0.5543478260869565 0.144 0.125 0.09774436090225563 0.25663716814159293 0.06172839506172839 0.12686567164179105 0.06711409395973154 0.12121212121212122 0.07894736842105263 0.06535947712418301 0.05263157894736842 0.10429447852760736 0.07692307692307693 0.08108108108108109 1.0 0.08333333333333333 0.1079136690647482 0.09774436090225563 0.12837837837837837 0.09022556390977443 0.07142857142857142 0.2396694214876033 0.07086614173228346 0.04854368932038835 0.1038961038961039 0.0625 0.06329113924050633 0.04597701149425287 0.0903954802259887 0.05172413793103448 0.06930693069306931 0.08053691275167785 0.10869565217391304 0.13986013986013987 0.10869565217391304 0.136986301369863 0.059602649006622516 0.05194805194805195 0.07407407407407407 0.10828025477707007 0.07482993197278912 0.12195121951219512 0.12781954887218044 0.14084507042253522 0.1 0.07262569832402235 0.1165644171779141 0.07051282051282051 0.09090909090909091 0.27692307692307694 0.01834862385321101
0.03289473684210526 0.06521739130434782 0.06818181818181818 0.03676470588235294 0.06666666666666667 0.2413793103448276 0.04477611940298507 0.036585365853658534 0.05673758865248227 0.04666666666666667 0.04285714285714286 0.03184713375796178 0.03205128205128205 0.06726457399103139 0.0658682634730539 0.13761467889908258 0.032679738562091505 0.08333333333333333 1.0 0.0410958904109589 0.2413793103448276 0.050955414012738856 0.02877697841726619 0.07272727272727272 0.04225352112676056 0.08064516129032258 0.08163265306122448 0.03067484662576687 0.072 0.07096774193548387 0.08433734939759036 0.0670391061452514 0.10091743119266056 0.06 0.0392156862745098 0.055944055944055944 0.08053691275167785 0.055944055944055944 0.06493506493506493 0.06040268456375839 0.08108108108108109 0.05925925925925926 0.06172839506172839 0.10638297872340426 0.04597701149425287 0.07246376811594203 0.059602649006622516 0.0755813953488372 0.06741573033707865 0.0975609756097561 0.06451612903225806 0.03355704697986577 0.0718954248366013 0.07920792079207921
0.09929078014184398 0.19834710743801653 0.13008130081300814 0.25225225225225223 0.234375 0.09230769230769231 0.13114754098360656 0.08387096774193549 0.11363636363636363 0.08391608391608392 0.19008264462809918 0.08843537414965986 0.08904109589041095 0.05357142857142857 0.1282051282051282 0.03389830508474576 0.09090909090909091 0.1079136690647482 0.0410958904109589 1.0 0.09230769230769231 0.18115942028985507 0.20512820512820512 0.05454545454545454 0.13178294573643412 0.03125 0.04 0.18571428571428572 0.047619047619047616 0.05806451612903226 0.03488372093023256 0.14545454545454545 0.04424778761061947 0.050505050505050504 0.0979020979020979 0.15503875968992248 0.16058394160583941 0.15503875968992248 0.13286713286713286 0.04697986577181208 0.039473684210526314 0.06818181818181818 0.21428571428571427 0.06944444444444445 0.1111111111111111 0.15873015873015872 0.11267605633802817 0.22818791946308725 0.03296703296703297 0.14102564102564102 0.03164556962025317 0.10144927536231885 0.11724137931034483 0.028846153846153848
0.072992700729927 0.12295081967213115 0.10084033613445378 0.11016949152542373 0.1111111111111111 1.0 0.08333333333333333 0.08843537414965986 0.09448818897637795 0.08888888888888889 0.0967741935483871 0.09352517985611511 0.08633093525179857 0.06046511627906977 0.07692307692307693 0.045871559633027525 0.0962962962962963 0.09774436090225563 0.2413793103448276 0.09230769230769231 1.0 0.10714285714285714 0.08130081300813008 0.058823529411764705 0.08661417322834646 0.05084745762711865 0.054945054945054944 0.07482993197278912 0.05982905982905983 0.08333333333333333 0.04938271604938271 0.07738095238095238 0.047619047619047616 0.06666666666666667 0.08759124087591241 0.07633587786259542 0.10218978102189781 0.07633587786259542 0.08450704225352113 0.04964539007092199 0.07142857142857142 0.064 0.087248322147651 0.08955223880597014 0.06172839506172839 0.104 0.08695652173913043 0.10062893081761007 0.07142857142857142 0.08280254777070063 0.06164383561643835 0.058823529411764705 0.09219858156028368 0.07608695652173914
0.12 0.264 0.13432835820895522 0.256198347107438 0.22142857142857142 0.10714285714285714 0.10218978102189781 0.09696969696969697 0.1510791366906475 0.09090909090909091 0.16296296296296298 0.0880503144654088 0.08860759493670886 0.0641025641025641 0.13855421686746988 0.0546875 0.09740259740259741 0.12837837837837837 0.050955414012738856 0.18115942028985507 0.10714285714285714 1.0 0.14074074074074075 0.04878048780487805 0.11971830985915492 0.050724637681159424 0.044642857142857144 0.14012738853503184 0.050724637681159424 0.059880239520958084 0.032432432432432434 0.12222222222222222 0.06504065040650407 0.05405405405405406 0.08974358974358974 0.125 0.2198581560283688 0.125 0.13636363636363635 0.05625 0.03636363636363636 0.047619047619047616 0.32608695652173914 0.06369426751592357 0.10285714285714286 0.20454545454545456 0.13245033112582782 0.1329479768786127 0.04145077720207254 0.13690476190476192 0.05389221556886228 0.0784313725490196 0.10062893081761007 0.034482758620689655
0.12307692307692308 0.15254237288135594 0.1111111111111111 0.17117117117117117 0.14615384615384616 0.08130081300813008 0.12173913043478261 0.08904109589041095 0.14049586776859505 0.10606060606060606 0.16379310344827586 0.09420289855072464 0.0948905109489051 0.04608294930875576 0.09868421052631579 0.02727272727272727 0.09701492537313433 0.09022556390977443 0.02877697841726619 0.20512820512820512 0.08130081300813008 0.14074074074074075 1.0 0.0594059405940594 0.14166666666666666 0.025 0.03260869565217391 0.12142857142857143 0.03361344537815126 0.05442176870748299 0.024242424242424242 0.08433734939759036 0.0380952380952381 0.04395604395604396 0.0962962962962963 0.1111111111111111 0.12781954887218044 0.1111111111111111 0.11678832116788321 0.035211267605633804 0.034722222222222224 0.047619047619047616 0.1258741258741259 0.058394160583941604 0.08917197452229299 0.12295081967213115 0.12030075187969924 0.09433962264150944 0.028735632183908046 0.1118421052631579 0.02666666666666667 0.0916030534351145 0.125 0.031578947368421054
0.06140350877192982 0.05714285714285714 0.07142857142857142 0.06060606060606061 0.05982905982905983 0.058823529411764705 0.050505050505050504 0.046875 0.046296296296296294 0.04310344827586207 0.057692307692307696 0.03278688524590164 0.059322033898305086 0.046632124352331605 0.06766917293233082 0.08641975308641975 0.03389830508474576 0.07142857142857142 0.07272727272727272 0.05454545454545454 0.058823529411764705 0.04878048780487805 0.0594059405940594 1.0 0.04672897196261682 0.053763440860215055 0.09375 0.056 0.06521739130434782 0.1016949152542373 0.06666666666666667 0.06164383561643835 0.09090909090909091 0.07692307692307693 0.03361344537815126 0.10576923076923077 0.05042016806722689 0.10576923076923077 0.10344827586206896 0.05172413793103448 0.09734513274336283 0.09183673469387756 0.05426356589147287 0.07142857142857142 0.050359712230215826 0.05660377358490566 0.04201680672268908 0.05673758865248227 0.047619047619047616 0.06666666666666667 0.04032258064516129 0.07272727272727272 0.05785123966942149 0.057971014492753624
0.11851851851851852 0.128 0.45161290322580644 0.13445378151260504 0.14925373134328357 0.08661417322834646 0.45652173913043476 0.0718954248366013 0.1171875 0.07857142857142857 0.4 0.08333333333333333 0.08391608391608392 0.04504504504504504 0.10256410256410256 0.03508771929824561 0.09352517985611511 0.2396694214876033 0.04225352112676056 0.13178294573643412 0.08661417322834646 0.11971830985915492 0.14166666666666666 0.04672897196261682 1.0 0.04065040650406504 0.0989010989010989 0.15714285714285714 0.06666666666666667 0.0457516339869281 0.04819277108433735 0.08187134502923976 0.045871559633027525 0.0989010989010989 0.0851063829787234 0.2184873949579832 0.13138686131386862 0.2184873949579832 0.12056737588652482 0.04827586206896552 0.04054054054054054 0.06201550387596899 0.09210526315789473 0.07142857142857142 0.19727891156462585 0.10077519379844961 0.203125 0.09815950920245399 0.05747126436781609 0.12258064516129032 0.09655172413793103 0.21311475409836064 0.2440944881889764 0.019801980198019802
0.04580152671755725 0.049586776859504134 0.04310344827586207 0.03418803418803419 0.04477611940298507 0.05084745762711865 0.043478260869565216 0.06382978723404255 0.05737704918032787 0.04580152671755725 0.04132231404958678 0.04411764705882353 0.044444444444444446 0.05314009661835749 0.046357615894039736 0.4246575342465753 0.03759398496240601 0.07086614173228346 0.08064516129032258 0.03125 0.05084745762711865 0.050724637681159424 0.025 0.053763440860215055 0.04065040650406504 1.0 0.08860759493670886 0.04964539007092199 0.09615384615384616 0.07352941176470588 0.05263157894736842 0.06875 0.12359550561797752 0.08860759493670886 0.061068702290076333 0.048 0.06015037593984962 0.048 0.06666666666666667 0.06976744186046512 0.1111111111111111 0.0603448275862069 0.04827586206896552 0.07936507936507936 0.038461538461538464 0.05785123966942149 0.05263157894736842 0.050955414012738856 0.0625 0.05263157894736842 0.1328125 0.046875 0.09923664122137404 0.047058823529411764
0.05825242718446602 0.06451612903225806 0.10714285714285714 0.056818181818181816 0.05660377358490566 0.054945054945054944 0.10843373493975904 0.042735042735042736 0.06315789473684211 0.0380952380952381 0.0425531914893617 0.045871559633027525 0.046296296296296294 0.03825136612021858 0.056910569105691054 0.10144927536231885 0.047619047619047616 0.04854368932038835 0.08163265306122448 0.04 0.054945054945054944 0.044642857142857144 0.03260869565217391 0.09375 0.0989010989010989 0.08860759493670886 1.0 0.043478260869565216 0.06172839506172839 0.06306306306306306 0.09090909090909091 0.051470588235294115 0.14285714285714285 0.38095238095238093 0.027777777777777776 0.061855670103092786 0.03669724770642202 0.061855670103092786 0.06422018348623854 0.06796116504854369 0.09803921568627451 0.04395604395604396 0.03333333333333333 0.10204081632653061 0.08064516129032258 0.041666666666666664 0.037037037037037035 0.04580152671755725 0.07575757575757576 0.056 0.14705882352941177 0.06 0.06422018348623854 0.08928571428571429
0.08917197452229299 0.13380281690140844 0.12318840579710146 0.14814814814814814 0.16778523489932887 0.07482993197278912 0.1 0.08235294117647059 0.08666666666666667 0.08227848101265822 0.22137404580152673 0.08641975308641975 0.08695652173913043 0.04564315352697095 0.09714285714285714 0.045454545454545456 0.08860759493670886 0.1038961038961039 0.03067484662576687 0.18571428571428572 0.07482993197278912 0.14012738853503184 0.12142857142857143 0.056 0.15714285714285714 0.04964539007092199 0.043478260869565216 1.0 0.06474820143884892 0.07142857142857142 0.031914893617021274 0.0962566844919786 0.05511811023622047 0.05263157894736842 0.10191082802547771 0.1956521739130435 0.1437908496732026 0.1956521739130435 0.1337579617834395 0.06172839506172839 0.041916167664670656 0.060810810810810814 0.14814814814814814 0.0625 0.10112359550561797 0.14084507042253522 0.11538461538461539 0.11173184357541899 0.05154639175257732 0.10857142857142857 0.03468208092485549 0.12751677852348994 0.09876543209876543 0.025
0.04580152671755725 0.049586776859504134 0.05217391304347826 0.04310344827586207 0.05263157894736842 0.05982905982905983 0.05263157894736842 0.034482758620689655 0.05737704918032787 0.04580152671755725 0.06779661016949153 0.028985507246376812 0.029197080291970802 0.0380952380952381 0.05333333333333334 0.08333333333333333 0.029850746268656716 0.0625 0.072 0.047619047619047616 0.05982905982905983 0.050724637681159424 0.03361344537815126 0.06521739130434782 0.06666666666666667 0.09615384615384616 0.06172839506172839 0.06474820143884892 1.0 0.057971014492753624 0.05263157894736842 0.049079754601226995 0.07526881720430108 0.06172839506172839 0.045112781954887216 0.056451612903225805 0.044444444444444446 0.056451612903225805 0.06666666666666667 0.2 0.06060606060606061 0.33695652173913043 0.0410958904109589 0.07086614173228346 0.06578947368421052 0.04918032786885246 0.05263157894736842 0.050955414012738856 0.08280254777070063 0.05263157894736842 0.050724637681159424 0.03875968992248062 0.06666666666666667 0.047058823529411764
0.03680981595092025 0.07432432432432433 0.0625 0.07746478873239436 0.06832298136645963 0.08333333333333333 0.05555555555555555 0.04 0.05228758169934641 0.049689440993788817 0.05333333333333334 0.03571428571428571 0.04216867469879518 0.05485232067510549 0.05555555555555555 0.088 0.036585365853658534 0.06329113924050633 0.07096774193548387 0.05806451612903226 0.08333333333333333 0.059880239520958084 0.05442176870748299 0.1016949152542373 0.0457516339869281 0.07352941176470588 0.06306306306306306 0.07142857142857142 0.057971014492753624 1.0 0.0847457627118644 0.0797872340425532 0.08196721311475409 0.06306306306306306 0.03636363636363636 0.06535947712418301 0.07453416149068323 0.06535947712418301 0.1 0.055900621118012424 0.17006802721088435 0.05442176870748299 0.06976744186046512 0.08387096774193549 0.060109289617486336 0.059602649006622516 0.05521472392638037 0.07065217391304347 0.08021390374331551 0.06077348066298342 0.11320754716981132 0.05063291139240506 0.1 0.07079646017699115
0.03389830508474576 0.048484848484848485 0.056962025316455694 0.037267080745341616 0.06285714285714286 0.04938271604938271 0.05063291139240506 0.02617801047120419 0.05421686746987952 0.03977272727272727 0.03614457831325301 0.03296703296703297 0.027472527472527472 0.047619047619047616 0.0625 0.06382978723404255 0.033707865168539325 0.04597701149425287 0.08433734939759036 0.03488372093023256 0.04938271604938271 0.032432432432432434 0.024242424242424242 0.06666666666666667 0.04819277108433735 0.05263157894736842 0.09090909090909091 0.031914893617021274 0.05263157894736842 0.0847457627118644 1.0 0.05339805825242718 0.08148148148148149 0.07317073170731707 0.027777777777777776 0.041176470588235294 0.03314917127071823 0.041176470588235294 0.06741573033707865 0.06358381502890173 0.08771929824561403 0.049689440993788817 0.042105263157894736 0.07692307692307693 0.050505050505050504 0.041916167664670656 0.0449438202247191 0.03940886699507389 0.14893617021276595 0.05102040816326531 0.08522727272727272 0.034482758620689655 0.061452513966480445 0.08
0.07777777777777778 0.10843373493975904 0.09202453987730061 0.12658227848101267 0.1588235294117647 0.07738095238095238 0.09259259259259259 0.078125 0.08771929824561403 0.07777777777777778 0.09580838323353294 0.08152173913043478 0.08791208791208792 0.08267716535433071 0.21468926553672316 0.08783783783783784 0.07734806629834254 0.0903954802259887 0.0670391061452514 0.14545454545454545 0.07738095238095238 0.12222222222222222 0.08433734939759036 0.06164383561643835 0.08187134502923976 0.06875 0.051470588235294115 0.0962566844919786 0.049079754601226995 0.0797872340425532 0.05339805825242718 1.0 0.09027777777777778 0.051470588235294115 0.08888888888888889 0.08670520231213873 0.13142857142857142 0.08670520231213873 0.1043956043956044 0.06557377049180328 0.07650273224043716 0.046511627906976744 0.11764705882352941 0.09659090909090909 0.095 0.10119047619047619 0.10674157303370786 0.2832369942196532 0.06074766355140187 0.21910112359550563 0.05759162303664921 0.07303370786516854 0.12290502793296089 0.04285714285714286
0.0423728813559322 0.056074766355140186 0.049019607843137254 0.038834951456310676 0.06779661016949153 0.047619047619047616 0.0392156862745098 0.03816793893129771 0.05504587155963303 0.0603448275862069 0.04672897196261682 0.024 0.040983606557377046 0.046153846153846156 0.08270676691729323 0.15384615384615385 0.01639344262295082 0.05172413793103448 0.10091743119266056 0.04424778761061947 0.047619047619047616 0.06504065040650407 0.0380952380952381 0.09090909090909091 0.045871559633027525 0.12359550561797752 0.14285714285714285 0.05511811023622047 0.07526881720430108 0.08196721311475409 0.08148148148148149 0.09027777777777778 1.0 0.1076923076923077 0.016260162601626018 0.05405405405405406 0.06722689075630252 0.05405405405405406 0.0743801652892562 0.06896551724137931 0.125 0.04807692307692308 0.06976744186046512 0.1619047619047619 0.06474820143884892 0.05555555555555555 0.06779661016949153 0.07857142857142857 0.07586206896551724 0.08148148148148149 0.09166666666666666 0.043478260869565216 0.08333333333333333 0.19047619047619047
0.04807692307692308 0.06451612903225806 0.12048192771084337 0.06896551724137931 0.05660377358490566 0.06666666666666667 0.10843373493975904 0.042735042735042736 0.06315789473684211 0.02830188679245283 0.053763440860215055 0.05555555555555555 0.046296296296296294 0.04395604395604396 0.04838709677419355 0.07042253521126761 0.057692307692307696 0.06930693069306931 0.06 0.050505050505050504 0.06666666666666667 0.05405405405405406 0.04395604395604396 0.07692307692307693 0.0989010989010989 0.08860759493670886 0.38095238095238093 0.05263157894736842 0.06172839506172839 0.06306306306306306 0.07317073170731707 0.051470588235294115 0.1076923076923077 1.0 0.037383177570093455 0.05102040816326531 0.046296296296296294 0.05102040816326531 0.07407407407407407 0.057692307692307696 0.07692307692307693 0.05555555555555555 0.05084745762711865 0.06930693069306931 0.072 0.05263157894736842 0.037037037037037035 0.04580152671755725 0.06766917293233082 0.047619047619047616 0.13592233009708737 0.04950495049504951 0.06422018348623854 0.05172413793103448
0.13286713286713286 0.10144927536231885 0.09774436090225563 0.12307692307692308 0.09271523178807947 0.08759124087591241 0.09848484848484848 0.34615384615384615 0.1079136690647482 0.13286713286713286 0.11029411764705882 0.42735042735042733 0.30708661417322836 0.04741379310344827 0.08284023668639054 0.032 0.46846846846846846 0.08053691275167785 0.0392156862745098 0.0979020979020979 0.08759124087591241 0.08974358974358974 0.0962962962962963 0.03361344537815126 0.0851063829787234 0.061068702290076333 0.027777777777777776 0.10191082802547771 0.045112781954887216 0.03636363636363636 0.027777777777777776 0.08888888888888889 0.016260162601626018 0.037383177570093455 1.0 0.09859154929577464 0.07792207792207792 0.09859154929577464 0.09032258064516129 0.03821656050955414 0.03125 0.04225352112676056 0.09259259259259259 0.06622516556291391 0.08092485549132948 0.10869565217391304 0.07142857142857142 0.09195402298850575 0.02631578947368421 0.0755813953488372 0.04294478527607362 0.09655172413793103 0.08333333333333333 0.017857142857142856
0.1 0.17073170731707318 0.13114754098360656 0.1896551724137931 0.18045112781954886 0.07633587786259542 0.12295081967213115 0.0915032679738562 0.10606060606060606 0.08450704225352113 0.5714285714285714 0.09655172413793103 0.09722222222222222 0.044444444444444446 0.10759493670886076 0.05217391304347826 0.09154929577464789 0.10869565217391304 0.055944055944055944 0.15503875968992248 0.07633587786259542 0.125 0.1111111111111111 0.10576923076923077 0.2184873949579832 0.048 0.061855670103092786 0.1956521739130435 0.056451612903225805 0.06535947712418301 0.041176470588235294 0.08670520231213873 0.05405405405405406 0.05102040816326531 0.09859154929577464 1.0 0.1366906474820144 1.0 0.3305785123966942 0.0472972972972973 0.04666666666666667 0.06060606060606061 0.11920529801324503 0.07746478873239436 0.08484848484848485 0.15079365079365079 0.23622047244094488 0.10303030303030303 0.0446927374301676 0.12025316455696203 0.05194805194805195 0.37272727272727274 0.11805555555555555 0.04950495049504951
0.10810810810810811 0.232 0.13846153846153847 0.21311475409836064 0.21897810218978103 0.10218978102189781 0.09701492537313433 0.07272727272727272 0.1386861313868613 0.08609271523178808 0.18604651162790697 0.06962025316455696 0.07006369426751592 0.084070796460177 0.12121212121212122 0.056451612903225805 0.09271523178807947 0.13986013986013987 0.08053691275167785 0.16058394160583941 0.10218978102189781 0.2198581560283688 0.12781954887218044 0.05042016806722689 0.13138686131386862 0.06015037593984962 0.03669724770642202 0.1437908496732026 0.044444444444444446 0.07453416149068323 0.03314917127071823 0.13142857142857142 0.06722689075630252 0.046296296296296294 0.07792207792207792 0.1366906474820144 1.0 0.1366906474820144 0.16326530612244897 0.050955414012738856 0.04375 0.04895104895104895 0.17763157894736842 0.07236842105263158 0.06779661016949153 0.23015873015873015 0.21897810218978103 0.14285714285714285 0.047872340425531915 0.16875 0.04242424242424243 0.08783783783783784 0.11038961038961038 0.03571428571428571
0.1 0.17073170731707318 0.13114754098360656 0.1896551724137931 0.18045112781954886 0.07633587786259542 0.12295081967213115 0.0915032679738562 0.10606060606060606 0.08450704225352113 0.5714285714285714 0.09655172413793103 0.09722222222222222 0.044444444444444446 0.10759493670886076 0.05217391304347826 0.09154929577464789 0.10869565217391304 0.055944055944055944 0.15503875968992248 0.07633587786259542 0.125 0.1111111111111111 0.10576923076923077 0.2184873949579832 0.048 0.061855670103092786 0.1956521739130435 0.056451612903225805 0.06535947712418301 0.041176470588235294 0.08670520231213873 0.05405405405405406 0.05102040816326531 0.09859154929577464 1.0 0.1366906474820144 1.0 0.3305785123966942 0.0472972972972973 0.04666666666666667 0.06060606060606061 0.11920529801324503 0.07746478873239436 0.08484848484848485 0.15079365079365079 0.23622047244094488 0.10303030303030303 0.0446927374301676 0.12025316455696203 0.05194805194805195 0.37272727272727274 0.11805555555555555 0.04950495049504951
0.12837837837837837 0.23622047244094488 0.14393939393939395 0.22764227642276422 0.18055555555555555 0.08450704225352113 0.18110236220472442 0.08433734939759036 0.15217391304347827 0.11333333333333333 0.3448275862068966 0.08860759493670886 0.09615384615384616 0.06896551724137931 0.10588235294117647 0.08064516129032258 0.09803921568627451 0.136986301369863 0.06493506493506493 0.13286713286713286 0.08450704225352113 0.13636363636363635 0.11678832116788321 0.10344827586206896 0.12056737588652482 0.06666666666666667 0.06422018348623854 0.1337579617834395 0.06666666666666667 0.1 0.06741573033707865 0.1043956043956044 0.0743801652892562 0.07407407407407407 0.09032258064516129 0.3305785123966942 0.16326530612244897 0.3305785123966942 1.0 0.05660377358490566 0.08280254777070063 0.0625 0.14465408805031446 0.09210526315789473 0.11627906976744186 0.18796992481203006 0.19718309859154928 0.1016949152542373 0.07526881720430108 0.11764705882352941 0.0736196319018405 0.10810810810810811 0.1836734693877551 0.05309734513274336
