1.0 0.7775353684617492 0.5715592696523678 0.605032036771358 0.9358902592264317 0.29533948890108636 0.549742651142052 0.8778985627948273 0.7751105935198291 0.9885312723621301 0.7067352441359344 0.859989048740604 0.8224963781923537 8.632056675418664e-8 0.8463612585304731 0.08906121261972298 0.8618213921464485 0.8413556333878403 0.4617826781277351 0.8263632837578229 0.29530743814033983 0.9609769022966406 0.6955957896183697 0.12729810694908006 0.7086521731355767 0.42741258255356124 0.20005975926444594 0.8323155201272866 0.16849556440684832 0.5514159658419108 0.09551526937770205 0.696225563979554 0.06643310260910078 0.20001032236606528 0.8492581019024192 0.7531628506121123 0.9769009017801569 0.7792707055949285 0.8873158109745302 0.35265324286601324 0.5968971580601625 0.2868897346832947 0.8675090816913235 0.5330261693815077 0.14209716607767245 0.7583983368421153 0.9737559865121735 0.6048538248826276 0.20386922229799706 0.8893168749279559 0.44381342786231204 0.744500999195691 0.9721334486011066 0.16048984151073206
0.7775353684617492 1.0 0.9055591911063342 0.9362072367005638 0.9047162722378739 0.48445977859329936 0.8884775502239773 0.7684312424320784 0.9995710239175785 0.7761771356713214 0.989142628800584 0.8463341113532334 0.8902927264372852 1.807893359320781e-8 0.5219063041192398 0.1589485728208596 0.8528823665314368 0.9417070881715508 0.5689771126883204 0.9900593443825533 0.48443824864835616 0.6853231333573119 0.9845528675824939 0.23382550311570036 0.9798829317029902 0.6015537666580691 0.3519975784943387 0.5159900465496177 0.29748834359273507 0.6820119043843414 0.05833052623204722 0.41068044906580453 0.11837084738833029 0.3533608309608554 0.7399931336156812 0.9980834883709193 0.8173141494607994 0.9992943987273439 0.5636919404964705 0.2850815162540043 0.6375036952773795 0.4589998791832142 0.5598091406929586 0.5603187643295505 0.08141189693427868 0.9965382525073224 0.7738317594198821 0.3427844347783629 0.12271687714391631 0.5830411307579562 0.2730507143839753 0.9956954252335453 0.7146011625039387 0.270846873749982
0.5715592696523678 0.9055591911063342 1.0 0.9834653432553492 0.7131134600036554 0.6060298270473743 0.996980020572709 0.6005016702625535 0.9067874482470563 0.5713163257203682 0.9520263914186022 0.6942860705653878 0.7558869290012084 3.5919979555080706e-9 0.369285728514986 0.22351702622165218 0.6989711248477369 0.8120965317485271 0.5779156657656555 0.858246081433395 0.6060391618116803 0.4970290528236048 0.9489755778791413 0.3317125223780007 0.95629612750045 0.6481265358399959 0.49862153440483775 0.3749703079421485 0.3952270268923795 0.6562666914412997 0.05259507326228206 0.29269917259291306 0.16695081648576862 0.4892033902614457 0.581610940628762 0.9247226767811583 0.615331358385753 0.9044641395904769 0.40238003803709843 0.23195788956527505 0.589572731303795 0.5389470510261011 0.4005068805235239 0.548788280060011 0.05916071373559297 0.9254264703375844 0.5759097627771221 0.24197794301937808 0.10414886991482666 0.41917340110503964 0.2198586809278289 0.927123969298539 0.5282477468800366 0.3577077755125378
0.605032036771358 0.9362072367005638 0.9834653432553492 1.0 0.7431872347002587 0.5670723065822206 0.9852449087897618 0.6173261843417066 0.9388466957764716 0.6026174854059981 0.9746452386879559 0.708171148140781 0.7741324321525147 6.418510172959307e-9 0.3881529756341067 0.20851018697334558 0.7158033504861526 0.8168626635684323 0.5336221820036866 0.8899105319539202 0.5670684962321113 0.5209106642607848 0.9802690097254229 0.3069393540747611 0.9567624095813115 0.6087960142336364 0.4408766656064818 0.3845476053767557 0.3616764856316574 0.6293441666841889 0.04472650861421132 0.3045488289128071 0.15548731018515238 0.44391307378805195 0.5948291395783964 0.9498275621504565 0.6441689732841933 0.9327887714541062 0.4203921844295448 0.22626622882596337 0.5559749584505038 0.5007579958335558 0.41858930813343986 0.4873643481382307 0.061350326895381196 0.9434989453178196 0.6013304131837371 0.25351082057570223 0.09314091106985449 0.4365148159450667 0.20596460943472397 0.9573191834827206 0.5471599398772683 0.34164000136156547
0.9358902592264317 0.9047162722378739 0.7131134600036554 0.7431872347002587 1.0 0.39216673843405386 0.686412057549596 0.9084696960638416 0.8985258745597278 0.9526326370544147 0.8487788322845543 0.9197294566819834 0.9083136555497346 1.2233187606410595e-7 0.7183976658290687 0.12172094829727757 0.9199034540377489 0.9619066167299172 0.5727850042968826 0.9493668217792579 0.3921381762831642 0.8903191873888827 0.8338917137540607 0.17808221976865765 0.8501808044460019 0.5572445170654604 0.2732300117742311 0.7068900393131676 0.24860530232623745 0.692791075941879 0.08046306518963722 0.5861364587318224 0.09060082919215845 0.27519025040511275 0.8797274501998271 0.8893578770581874 0.9761521193245938 0.9102825521376152 0.7698312713238671 0.3951928558914768 0.6875004280190107 0.41391172877582705 0.769768210896467 0.5982417614914869 0.11826360190578289 0.8925413671346496 0.9557641853404075 0.4922537094513002 0.1728889362417141 0.7966699398131142 0.38241152910549103 0.8697742862754305 0.9070158676603062 0.20969803452625055
0.29533948890108636 0.48445977859329936 0.6060298270473743 0.5670723065822206 0.39216673843405386 1.0 0.6056911881847632 0.43378409615245733 0.4794118131077713 0.31162139813128337 0.5295364220277037 0.4911085946357463 0.5380599665165494 1.2243908624841602e-7 0.19385044327226994 0.45310762870164945 0.4909718464347823 0.4760064133635926 0.7057691654574936 0.4648617475439076 0.9999990412117664 0.27471127866567363 0.521284874835625 0.5970356571472969 0.5327539032789793 0.8457366532742928 0.8620720750432698 0.20161395845224855 0.8182131020187204 0.6895235364179473 0.03526914242284891 0.17595721614313092 0.3280904370511763 0.8805853819531467 0.4297633739519301 0.5109571495836658 0.3375056902866263 0.4954361151890823 0.22739249237130188 0.2652268726160975 0.5810097985356418 0.8346957582885569 0.22651839534162713 0.4240185274487417 0.043504145507443304 0.5068329173717484 0.32603933987939016 0.1366254877275656 0.07528349030143182 0.24633961717957792 0.14919988641868126 0.48767845335431126 0.2995390486992819 0.7636908932241194
0.549742651142052 0.8884775502239773 0.996980020572709 0.9852449087897618 0.686412057549596 0.6056911881847632 1.0 0.5739004558795541 0.8907973360281867 0.5480132205557243 0.9399129334698144 0.6664693058482785 0.7304566756456082 3.5087470604784736e-9 0.3525083839773789 0.23053978500112657 0.6720739307916633 0.7803993723864027 0.5496574574652618 0.8364487924190822 0.6057029177173653 0.47465029087763533 0.9410476729438054 0.3409512673026286 0.9373943600305016 0.6268065266229733 0.5010244051174476 0.35594429296935154 0.39487036735358194 0.6268174751901333 0.04818920818475018 0.2784698603657361 0.17233760626171307 0.4943790440234595 0.555239890261452 0.9080249143255054 0.5900607894835157 0.886064752701659 0.3833327490005552 0.2173741535677525 0.5574360504282289 0.5260418720273831 0.38139119874230093 0.512930048554034 0.056417608002500994 0.9064151902226129 0.5506446485910231 0.23069984360008633 0.09609968002796973 0.39887058695284866 0.20453826004073666 0.9141847274312492 0.5036336071456642 0.3672626755271982
0.8778985627948273 0.7684312424320784 0.6005016702625535 0.6173261843417066 0.9084696960638416 0.43378409615245733 0.5739004558795541 1.0 0.7607694861784977 0.9045658807039377 0.7152316074511703 0.9726989658871535 0.9296278652699723 6.880143081191651e-7 0.699279608599106 0.1291758945572846 0.9689702888795335 0.8756924308169398 0.7094268824530091 0.8206010818802396 0.43372920931041253 0.8639269824217907 0.6968633208923004 0.17844820077558474 0.7244152241893395 0.6437096175151427 0.28982414727148903 0.70674292819622 0.2717328023960928 0.7721762222517325 0.09422104278037119 0.6353390814678623 0.09504782786896426 0.2905676100764898 0.9933223659598327 0.7590701445375729 0.9224698273483908 0.7799569034107606 0.7749091294660448 0.5606094250122884 0.8179300458920405 0.45292599975933434 0.7677617015108749 0.65252065183047 0.14702634773157192 0.7636247980671832 0.9182068774953328 0.5087329905699365 0.20656873826587127 0.8160941887777965 0.43895088068361765 0.7300031398797453 0.8986193930338996 0.23522842611299896
0.7751105935198291 0.9995710239175785 0.9067874482470563 0.9388466957764716 0.8985258745597278 0.4794118131077713 0.8907973360281867 0.7607694861784977 1.0 0.7709324774408503 0.989054440991106 0.8405743674659786 0.8855877207512688 1.807783119219401e-8 0.5178661270369829 0.15755360576096722 0.8477219813103449 0.9344827949639586 0.5591946991987947 0.9870701258773552 0.47938851410379085 0.6794329600099479 0.9856721576871166 0.2314448054138295 0.9790778594334301 0.5915275034046846 0.34842814436997077 0.5120480085725064 0.29065171926749656 0.6690690622873771 0.05767287187210519 0.4065624273564501 0.11736555233105087 0.34939576997925725 0.7324231937282479 0.997156503432396 0.8115209498588506 0.9979158925776364 0.5587427771565543 0.27691272378618503 0.6279563015959929 0.44762842914947937 0.5539451230781683 0.5539561447365159 0.08053761314270629 0.9956085119186986 0.7670437609281132 0.3396319782657766 0.12108940271184807 0.5769092898376357 0.26962368606416864 0.9973793299672759 0.7092314781711614 0.2690032508229464
0.9885312723621301 0.7761771356713214 0.5713163257203682 0.6026174854059981 0.9526326370544147 0.31162139813128337 0.5480132205557243 0.9045658807039377 0.7709324774408503 1.0 0.7077151633691758 0.8706493266423905 0.8295389277657705 1.7424729832232987e-7 0.8563140184597701 0.09499885004856617 0.8698096182142182 0.8593315096309281 0.49255766806207324 0.8326937001114736 0.31159105526826386 0.9793481166797541 0.694427136603931 0.136769415103239 0.7086153422838302 0.45923552810364127 0.2111444176328353 0.8357650639946989 0.19124546608825668 0.5950601005046482 0.09432906556354846 0.7175378120392579 0.07081732920646903 0.2131591852201729 0.8775286414656803 0.7544197618541789 0.9922906415486791 0.7809218427813648 0.901249606288429 0.4095700245342216 0.6237996233221704 0.32550146628550664 0.8940735951846714 0.5409859398321011 0.1488663587467669 0.7582474676034915 0.9952746014223718 0.6185684254076076 0.20574744951952728 0.9162676896142692 0.45055687258740523 0.7377381856636849 0.9802604980166522 0.16806082263248995
0.7067352441359344 0.989142628800584 0.9520263914186022 0.9746452386879559 0.8487788322845543 0.5295364220277037 0.9399129334698144 0.7152316074511703 0.989054440991106 0.7077151633691758 1.0 0.8008981674627482 0.8560919869550422 9.01920294550195e-9 0.46576235168393804 0.1799052234073142 0.8073796106864884 0.9089080414437032 0.5746233823718978 0.9644070897389806 0.5295226623777498 0.6194484955079136 0.9976349221254167 0.2656321743921462 0.9888422596850809 0.626317733801257 0.39479113847624164 0.4614383556480931 0.3341988814633588 0.6850673540157343 0.05347207933511563 0.36661979563548125 0.13397869178320876 0.3966851981075476 0.6890746366239007 0.9950741776856902 0.7513180835747513 0.9883560019647739 0.5046747796263467 0.2689452184269416 0.6218631449640301 0.49674450251419805 0.5024852474502182 0.5454033401819548 0.0731183978789876 0.991732561712132 0.7078586974409311 0.3051576935952855 0.11191819413802775 0.5240212895045467 0.2477134470265841 0.9937945742006187 0.6480912646096243 0.3017852997355509
0.859989048740604 0.8463341113532334 0.6942860705653878 0.708171148140781 0.9197294566819834 0.4911085946357463 0.6664693058482785 0.9726989658871535 0.8405743674659786 0.8706493266423905 0.8008981674627482 1.0 0.9859497067427689 3.0724659495382896e-7 0.6295071670934927 0.14638470750492438 0.9994042269731874 0.9245233332453412 0.7463975427106794 0.8813636649198874 0.4910481772485527 0.807313163939433 0.7822291248062759 0.2022041614159723 0.8140232626196733 0.6961312651448963 0.3348270361424062 0.6447704971527324 0.2948629104167697 0.8116049262340234 0.08833709622367324 0.5449091806523032 0.10762751930943973 0.3321567358516195 0.9555980877038133 0.8405349433330925 0.897249387702668 0.8568156254397664 0.7041057399391011 0.4617954902892237 0.8558273282559195 0.4789106068697201 0.6908477181264491 0.6980379096915506 0.11792126316115928 0.8464314622162485 0.8819887423923309 0.4390909803812083 0.18864907256667773 0.7343782724261073 0.4000650229979126 0.8154822709526495 0.857506966923918 0.2684521191264741
0.8224963781923537 0.8902927264372852 0.7558869290012084 0.7741324321525147 0.9083136555497346 0.5380599665165494 0.7304566756456082 0.9296278652699723 0.8855877207512688 0.8295389277657705 0.8560919869550422 0.9859497067427689 1.0 9.626804355222025e-8 0.5730922025832635 0.16313798361855483 0.9885769912577607 0.9318154212592392 0.7461393285794401 0.9106518371683061 0.5379926877168338 0.7533647608381555 0.8406697438388322 0.2252610909094057 0.8611670189560446 0.7279557911518468 0.3673544547257257 0.5821197785299389 0.3217325451158285 0.829234482514617 0.07483056346756883 0.4817972879122821 0.11981494797100166 0.3671538475069277 0.904560775191997 0.8884303147386591 0.8591787256744232 0.9001218263159554 0.6436493395411436 0.40354216052710024 0.8422066230590577 0.5080797796638028 0.631524101246041 0.6671982256156601 0.10033460517903886 0.8905130550407425 0.8385187739570232 0.39131097597564996 0.16200367374985983 0.6689939265571826 0.3486420040918616 0.8657041404865322 0.8024851694980872 0.30089125924538146
8.632056675418664e-8 1.807893359320781e-8 3.5919979555080706e-9 6.418510172959307e-9 1.2233187606410595e-7 1.2243908624841602e-7 3.5087470604784736e-9 6.880143081191651e-7 1.807783119219401e-8 1.7424729832232987e-7 9.01920294550195e-9 3.0724659495382896e-7 9.626804355222025e-8 1.0 1.979914249706294e-7 1.1729102780494332e-8 3.072452071173963e-7 3.020470530825605e-8 5.796751120945444e-7 8.472131017462182e-8 1.2243908141198513e-7 1.0195959233964046e-7 1.5411094252823352e-8 6.183816835949655e-9 9.280377585914839e-9 2.930320110315947e-7 7.862042242001055e-9 1.150896487959439e-7 1.1767319525588377e-7 7.452828220269833e-9 8.518771469616386e-8 2.44690733615999e-6 2.3943866821573397e-9 7.862635119453457e-9 1.0733835383074037e-6 9.974426128376071e-9 3.7018529557524134e-7 1.1014169159988282e-8 7.569287276520006e-9 3.908879365678844e-6 9.179012307170426e-9 2.9112004743607505e-7 1.4720904961979812e-7 1.475066859885943e-8 2.118869251216774e-5 1.7936527415553343e-8 1.0765369240133126e-7 1.2256616890653935e-6 1.3908877425753002e-8 5.465439135813281e-7 1.4006001406552278e-8 1.1775561470224846e-8 4.552232779221443e-8 6.6391762595224295e-9
0.8463612585304731 0.5219063041192398 0.369285728514986 0.3881529756341067 0.7183976658290687 0.19385044327226994 0.3525083839773789 0.699279608599106 0.5178661270369829 0.8563140184597701 0.46576235168393804 0.6295071670934927 0.5730922025832635 1.979914249706294e-7 1.0 0.05925908796852921 0.6255288776442554 0.611092170576397 0.3343931609117143 0.5730700789062257 0.19383471032927588 0.926731756571418 0.4549153762283577 0.08622085111461919 0.47173053220869443 0.29618481280843184 0.1335396957705664 0.9736491164563389 0.11992386201123027 0.4020375241298788 0.1490439876037446 0.9127894790840043 0.044522315061880965 0.13349279782238246 0.6825738507121855 0.5027585269570428 0.8150492997176393 0.5248773583904117 0.9834189132153435 0.37269570846696637 0.44735728903564953 0.2087163828658845 0.9721773946508778 0.4209117629901884 0.22214663769059004 0.5082120463121154 0.8498562201340765 0.8762402317854376 0.30745700433081774 0.9664386862732538 0.5976377322641258 0.49135027868227144 0.8909209809984762 0.10283797079673913
0.08906121261972298 0.1589485728208596 0.22351702622165218 0.20851018697334558 0.12172094829727757 0.45310762870164945 0.23053978500112657 0.1291758945572846 0.15755360576096722 0.09499885004856617 0.1799052234073142 0.14638470750492438 0.16313798361855483 1.1729102780494332e-8 0.05925908796852921 1.0 0.14654923178232193 0.14810258838902046 0.218068504037536 0.15011888244279972 0.45316096097118425 0.08416849809018201 0.18003476570671229 0.8914512154972162 0.17741847897542162 0.28355715538816556 0.5985748299063836 0.06069544196775745 0.5665565728342674 0.21741394660226884 0.010505823133922886 0.053797796708515803 0.922857069113682 0.6415342539426084 0.12744595812448117 0.16907565438477845 0.10311365128946746 0.16205679922637817 0.06908020448660514 0.08516338508995722 0.1747556956507217 0.34628325717330494 0.0705882659365963 0.1290456839029513 0.013460463394372492 0.16635102566554347 0.09955303411168852 0.04238809544901829 0.02305994179807742 0.07519833996817293 0.04523553553851329 0.1627415597689474 0.09001435387108456 0.7223885086559347
0.8618213921464485 0.8528823665314368 0.6989711248477369 0.7158033504861526 0.9199034540377489 0.4909718464347823 0.6720739307916633 0.9689702888795335 0.8477219813103449 0.8698096182142182 0.8073796106864884 0.9994042269731874 0.9885769912577607 3.072452071173963e-7 0.6255288776442554 0.14654923178232193 1.0 0.922181494169973 0.736924395364311 0.8859729048577807 0.49090991685483376 0.803423686757469 0.7900731820075434 0.20194569073105828 0.817820662877933 0.6908493855951003 0.3331377187659016 0.6385059899586806 0.2922236297712635 0.802755330510118 0.08528384959682747 0.5395753480878237 0.10771266258419593 0.33116453542924856 0.9511043300901986 0.8465488863419016 0.8959334452208606 0.8627036937978887 0.6991170333913774 0.4517331905406914 0.8444463812247445 0.47324173809219316 0.6851598499772219 0.6835410630165462 0.11671011069323277 0.851568436734995 0.8787114464871956 0.43509489373731663 0.18305010076498465 0.7281609094271001 0.3901459080990329 0.8231885344251472 0.8532169347209205 0.26992201789187437
0.8413556333878403 0.9417070881715508 0.8120965317485271 0.8168626635684323 0.9619066167299172 0.4760064133635926 0.7803993723864027 0.8756924308169398 0.9344827949639586 0.8593315096309281 0.9089080414437032 0.9245233332453412 0.9318154212592392 3.020470530825605e-8 0.611092170576397 0.14810258838902046 0.922181494169973 1.0 0.6718021750617427 0.9677164507090218 0.4759836841189499 0.7895004755633392 0.8867973922621606 0.2181386483885313 0.9290922861202403 0.6597095912390812 0.3494364479504033 0.6218032845288479 0.3073606319719994 0.7847410305227893 0.08565067113637793 0.498078442861657 0.11017270320860284 0.3442874309864843 0.8501410416996238 0.9387984732492446 0.9004049212304358 0.9499487415556364 0.6676197367538224 0.3834590704895981 0.7719894858883253 0.4988509960826075 0.6673972180849748 0.7052241351936668 0.09926075958309873 0.9473569679103264 0.8751082207780054 0.4119162595925445 0.1751206037569603 0.6961715907287485 0.37271088975102085 0.9141876659589636 0.8256174559730457 0.25089838304332157
0.4617826781277351 0.5689771126883204 0.5779156657656555 0.5336221820036866 0.5727850042968826 0.7057691654574936 0.5496574574652618 0.7094268824530091 0.5591946991987947 0.49255766806207324 0.5746233823718978 0.7463975427106794 0.7461393285794401 5.796751120945444e-7 0.3343931609117143 0.218068504037536 0.736924395364311 0.6718021750617427 1.0 0.5856887478135218 0.7057036744968117 0.4559497344483728 0.5477519828897979 0.2963053467201216 0.6129134846572565 0.937753304354275 0.5221552845921353 0.366290370343951 0.49291973378711273 0.9195084164918396 0.08226097390132434 0.3275723104844186 0.15883629879032615 0.5047147910156213 0.7218263279594022 0.5882903875694143 0.5320994079484116 0.586391079980287 0.39400299692625 0.5179456346566461 0.9213972468835232 0.7358191711577158 0.39064319718345014 0.7500364992403689 0.08709122426224268 0.5980464774117532 0.5239006374181333 0.2454666225678003 0.16506011369935086 0.43275593477074387 0.3138762752361978 0.5490038162412023 0.5043568324562149 0.3865074673927537
0.8263632837578229 0.9900593443825533 0.858246081433395 0.8899105319539202 0.9493668217792579 0.4648617475439076 0.8364487924190822 0.8206010818802396 0.9870701258773552 0.8326937001114736 0.9644070897389806 0.8813636649198874 0.9106518371683061 8.472131017462182e-8 0.5730700789062257 0.15011888244279972 0.8859729048577807 0.9677164507090218 0.5856887478135218 1.0 0.46483778453807967 0.7452519885181483 0.9561181901457808 0.22129267780146405 0.9581926762485532 0.605511718065501 0.33314069786709816 0.5648886071108887 0.2925473964537928 0.7040598246107608 0.06344006225707824 0.4568885908910693 0.1116154506582169 0.3353813001015503 0.7926215821133203 0.9843608321476973 0.8734798543631699 0.9919349076925578 0.6177362138956936 0.3263394009816276 0.6642355891106861 0.46421037773617835 0.6171849202172314 0.5791644667061061 0.09168043889960575 0.9840179753246977 0.832768903344141 0.38015988986797 0.1346841567836481 0.6421246985161392 0.3000856919314055 0.9744458564964705 0.7708188085302589 0.25419299312550064
0.29530743814033983 0.48443824864835616 0.6060391618116803 0.5670684962321113 0.3921381762831642 0.9999990412117664 0.6057029177173653 0.43372920931041253 0.47938851410379085 0.31159105526826386 0.5295226623777498 0.4910481772485527 0.5379926877168338 1.2243908141198513e-7 0.19383471032927588 0.45316096097118425 0.49090991685483376 0.4759836841189499 0.7057036744968117 0.46483778453807967 1.0 0.2746865553811428 0.5212687346376661 0.5971332942501199 0.5327427714340386 0.8456752282817198 0.862160449606656 0.20159761719156977 0.8182957333948554 0.6894666850736956 0.03526695039900891 0.17594123319770566 0.3281309294621459 0.8806759591446994 0.42971061018458157 0.5109357553782614 0.33747693240919613 0.4954126577980221 0.22737060203807985 0.26520513430570897 0.580945290102393 0.8347167632013192 0.22649788257941889 0.42398849450464343 0.043500336518254884 0.5068127475419926 0.32601004775251863 0.1366141841616079 0.07527747667146899 0.24631667695314757 0.1491872035388344 0.4876589603795246 0.29951002417010675 0.7636718541007237
0.9609769022966406 0.6853231333573119 0.4970290528236048 0.5209106642607848 0.8903191873888827 0.27471127866567363 0.47465029087763533 0.8639269824217907 0.6794329600099479 0.9793481166797541 0.6194484955079136 0.807313163939433 0.7533647608381555 1.0195959233964046e-7 0.926731756571418 0.08416849809018201 0.803423686757469 0.7895004755633392 0.4559497344483728 0.7452519885181483 0.2746865553811428 1.0 0.6051352105145421 0.12151159699238133 0.6252791095950062 0.41629860583468903 0.1888751703489784 0.9107274492919426 0.17264244234802378 0.5520739508593441 0.11521470571592106 0.7985965753122984 0.06287237909292641 0.18972641501395815 0.8395358464670353 0.6649342031733773 0.9578413847665431 0.690985121448887 0.9629242506020362 0.42324773039060865 0.5926350961859082 0.29655201560125716 0.9615237938100609 0.52855584817549 0.1690595768735427 0.6703635495264773 0.9802169120234876 0.7062631973986633 0.24729853178363548 0.9714504209333678 0.5227880903863978 0.6466099894399543 0.9876124604363516 0.14676612799364866
0.6955957896183697 0.9845528675824939 0.9489755778791413 0.9802690097254229 0.8338917137540607 0.521284874835625 0.9410476729438054 0.6968633208923004 0.9856721576871166 0.694427136603931 0.9976349221254167 0.7822291248062759 0.8406697438388322 1.5411094252823352e-8 0.4549153762283577 0.18003476570671229 0.7900731820075434 0.8867973922621606 0.5477519828897979 0.9561181901457808 0.5212687346376661 0.6051352105145421 1.0 0.2650749882926054 0.9783752340706028 0.6054328552847436 0.38583793799431854 0.4472603446549957 0.3268426055230202 0.658598193092584 0.04877411109185321 0.35676057466976796 0.13404668494386807 0.3905761072451595 0.670502388815825 0.9897900138937575 0.7365465875710595 0.9821851503526191 0.4915334654545961 0.2560935623850456 0.592414316595961 0.4814491760101973 0.48960200972363743 0.511117343850461 0.07132191385980036 0.9837673946738357 0.691619732223733 0.29758039328949415 0.10370606372623807 0.5098229795021977 0.2329962210953305 0.9925898441745237 0.6311175929303806 0.30197164926133263
0.12729810694908006 0.23382550311570036 0.3317125223780007 0.3069393540747611 0.17808221976865765 0.5970356571472969 0.3409512673026286 0.17844820077558474 0.2314448054138295 0.136769415103239 0.2656321743921462 0.2022041614159723 0.2252610909094057 6.183816835949655e-9 0.08622085111461919 0.8914512154972162 0.20194569073105828 0.2181386483885313 0.2963053467201216 0.22129267780146405 0.5971332942501199 0.12151159699238133 0.2650749882926054 1.0 0.2636048072749215 0.3889378398881677 0.7755896972796373 0.08801238486627787 0.7523705590902624 0.3042282825790781 0.015448039532022596 0.0765045260001521 0.7277509941244732 0.8250667843961701 0.17565865091262978 0.2487644254655723 0.14952051391069038 0.2381149707862697 0.09875026034385709 0.11627206873972072 0.23890849206289555 0.4933039766090444 0.10198008069837451 0.18469376643515326 0.01835766677733591 0.24537133393749586 0.1437328158050916 0.06096393025940284 0.03272613601844575 0.1078024260935203 0.0644134550376566 0.23933886454053838 0.1285271071277826 0.783955724709314
0.7086521731355767 0.9798829317029902 0.95629612750045 0.9567624095813115 0.8501808044460019 0.5327539032789793 0.9373943600305016 0.7244152241893395 0.9790778594334301 0.7086153422838302 0.9888422596850809 0.8140232626196733 0.8611670189560446 9.280377585914839e-9 0.47173053220869443 0.17741847897542162 0.817820662877933 0.9290922861202403 0.6129134846572565 0.9581926762485532 0.5327427714340386 0.6252791095950062 0.9783752340706028 0.2636048072749215 1.0 0.645525339558397 0.4109547545986323 0.47840485211055367 0.33352877692590227 0.7062511396515448 0.06501703279021735 0.37370334349952683 0.13228877163400696 0.4026501457635688 0.7010535952961634 0.9873859359999416 0.755579346645774 0.9803724068091227 0.5124724254813549 0.2784750014524075 0.665156695560841 0.5018794187344376 0.5088280245174419 0.6227279967005944 0.07429661354906508 0.9922487971407493 0.7134498441662385 0.30954770739287085 0.12984618139423604 0.5323968268352761 0.2766212227129734 0.9834339889327297 0.66143238838923 0.2934289124217725
0.42741258255356124 0.6015537666580691 0.6481265358399959 0.6087960142336364 0.5572445170654604 0.8457366532742928 0.6268065266229733 0.6437096175151427 0.5915275034046846 0.45923552810364127 0.626317733801257 0.6961312651448963 0.7279557911518468 2.930320110315947e-7 0.29618481280843184 0.28355715538816556 0.6908493855951003 0.6597095912390812 0.937753304354275 0.605511718065501 0.8456752282817198 0.41629860583468903 0.6054328552847436 0.3889378398881677 0.645525339558397 1.0 0.637506788674635 0.3127855854538221 0.6338663900797925 0.9322324897545643 0.05803283936755784 0.2770906313836297 0.20541824814632906 0.636887552524678 0.6433099360818618 0.6273225439056702 0.4966124230471966 0.619405938287085 0.3485346285716213 0.42787799111341834 0.8344635509708145 0.872211119578722 0.35221243258811896 0.6240629997899775 0.0688887660568097 0.628448509983787 0.4866215444897688 0.21219491741364896 0.12217571762945667 0.381583819053214 0.2415417694519875 0.5864578269933127 0.451970646657896 0.49649792818236427
0.20005975926444594 0.3519975784943387 0.49862153440483775 0.4408766656064818 0.2732300117742311 0.8620720750432698 0.5010244051174476 0.28982414727148903 0.34842814436997077 0.2111444176328353 0.39479113847624164 0.3348270361424062 0.3673544547257257 7.862042242001055e-9 0.1335396957705664 0.5985748299063836 0.3331377187659016 0.3494364479504033 0.5221552845921353 0.33314069786709816 0.862160449606656 0.1888751703489784 0.38583793799431854 0.7755896972796373 0.4109547545986323 0.637506788674635 1.0 0.14509948017790514 0.8409112824872363 0.5006971804488619 0.03396919965745421 0.11996788614440375 0.4460773101805894 0.9794288100648187 0.28725976132287884 0.3751561731145986 0.23173828875711536 0.3596868609323555 0.1561243087284301 0.17996268939455443 0.4280901313612145 0.6940075130015471 0.1573455458317461 0.3615264909893406 0.028186038984782325 0.37664862482558714 0.22401934387328956 0.09387479057560422 0.06549128875026625 0.1689665459653511 0.12132504438868671 0.3590266135725636 0.20803165581316868 0.7907786100394983
0.8323155201272866 0.5159900465496177 0.3749703079421485 0.3845476053767557 0.7068900393131676 0.20161395845224855 0.35594429296935154 0.70674292819622 0.5120480085725064 0.8357650639946989 0.4614383556480931 0.6447704971527324 0.5821197785299389 1.150896487959439e-7 0.9736491164563389 0.06069544196775745 0.6385059899586806 0.6218032845288479 0.366290370343951 0.5648886071108887 0.20159761719156977 0.9107274492919426 0.4472603446549957 0.08801238486627787 0.47840485211055367 0.3127855854538221 0.14509948017790514 1.0 0.1218199980895991 0.42047908988941896 0.19644861644623154 0.8989328560484545 0.04561365375311232 0.14067762006615703 0.6936572436138839 0.49884987073354614 0.8016027946345554 0.5196773240575452 0.9718149511873362 0.37731235690542253 0.49382729516139084 0.21246585618415956 0.9550458587739482 0.502883033336771 0.21570195652259724 0.508646016755011 0.8377502484630631 0.8504801545770978 0.38441806776204934 0.953313036463918 0.7106237889873067 0.48673921468011233 0.8986678422370716 0.10446557162428918
0.16849556440684832 0.29748834359273507 0.3952270268923795 0.3616764856316574 0.24860530232623745 0.8182131020187204 0.39487036735358194 0.2717328023960928 0.29065171926749656 0.19124546608825668 0.3341988814633588 0.2948629104167697 0.3217325451158285 1.1767319525588377e-7 0.11992386201123027 0.5665565728342674 0.2922236297712635 0.3073606319719994 0.49291973378711273 0.2925473964537928 0.8182957333948554 0.17264244234802378 0.3268426055230202 0.7523705590902624 0.33352877692590227 0.6338663900797925 0.8409112824872363 0.1218199980895991 1.0 0.5048664804840244 0.02150192720553135 0.11405135195865261 0.4191050565519373 0.902042149668203 0.27066460940011056 0.31872339866290045 0.21030434252610042 0.3077735642910129 0.14097208284616555 0.21863287855338384 0.3802907040321561 0.8269088053309699 0.14794684610381365 0.2700519576078545 0.030442830653742946 0.3136897599765144 0.20613229030106955 0.08793560567896178 0.0481867530081616 0.15866751356783532 0.09502193856934228 0.2935300392595928 0.18121123677342932 0.75125201225547
0.5514159658419108 0.6820119043843414 0.6562666914412997 0.6293441666841889 0.692791075941879 0.6895235364179473 0.6268174751901333 0.7721762222517325 0.6690690622873771 0.5950601005046482 0.6850673540157343 0.8116049262340234 0.829234482514617 7.452828220269833e-9 0.4020375241298788 0.21741394660226884 0.802755330510118 0.7847410305227893 0.9195084164918396 0.7040598246107608 0.6894666850736956 0.5520739508593441 0.658598193092584 0.3042282825790781 0.7062511396515448 0.9322324897545643 0.5006971804488619 0.42047908988941896 0.5048664804840244 1.0 0.07247466926096538 0.36046633296153474 0.15896859964616794 0.5015983468956886 0.7590936043324221 0.701381402674202 0.6311014066416675 0.7026874399808372 0.46957700277512066 0.47168153108760064 0.9231134193543821 0.7686946986669484 0.47557427415082654 0.7024011571356015 0.07976608784361916 0.7037779018356048 0.6317878700935559 0.28585426684595466 0.1547954756324282 0.5060166171756686 0.31274298682069845 0.6526538148170522 0.5903278739768308 0.38237903294586656
0.09551526937770205 0.05833052623204722 0.05259507326228206 0.04472650861421132 0.08046306518963722 0.03526914242284891 0.04818920818475018 0.09422104278037119 0.05767287187210519 0.09432906556354846 0.05347207933511563 0.08833709622367324 0.07483056346756883 8.518771469616386e-8 0.1490439876037446 0.010505823133922886 0.08528384959682747 0.08565067113637793 0.08226097390132434 0.06344006225707824 0.03526695039900891 0.11521470571592106 0.04877411109185321 0.015448039532022596 0.06501703279021735 0.05803283936755784 0.03396919965745421 0.19644861644623154 0.02150192720553135 0.07247466926096538 1.0 0.18388252781150663 0.008076182029919799 0.02810657710770761 0.0972501493814859 0.057950436965895205 0.093847995587288 0.05936607124001732 0.1457005469321481 0.0882786768454649 0.10627752997252335 0.036879594682114616 0.13963157779501206 0.15239858228100295 0.2005533468657267 0.06268883421283356 0.10113894721386921 0.2068466657341358 0.7898467851541522 0.14017536902029717 0.4393140860086661 0.05560472985654396 0.12472270200464408 0.015215672130525059
0.696225563979554 0.41068044906580453 0.29269917259291306 0.3045488289128071 0.5861364587318224 0.17595721614313092 0.2784698603657361 0.6353390814678623 0.4065624273564501 0.7175378120392579 0.36661979563548125 0.5449091806523032 0.4817972879122821 2.44690733615999e-6 0.9127894790840043 0.053797796708515803 0.5395753480878237 0.498078442861657 0.3275723104844186 0.4568885908910693 0.17594123319770566 0.7985965753122984 0.35676057466976796 0.0765045260001521 0.37370334349952683 0.2770906313836297 0.11996788614440375 0.8989328560484545 0.11405135195865261 0.36046633296153474 0.18388252781150663 1.0 0.040195593371383384 0.11967436798296688 0.6425630659399441 0.39687866613157335 0.6878298256200517 0.4145273793012902 0.886983918136681 0.5102060017252038 0.4087537628835066 0.19933175421200086 0.8894289632760773 0.37940777688245625 0.34480489625989674 0.40194353894122703 0.7167265391947752 0.9373784909979559 0.37136575695754276 0.8972265197884242 0.6493045637426055 0.3844016476030337 0.7626829239381265 0.09279516607848688
0.06643310260910078 0.11837084738833029 0.16695081648576862 0.15548731018515238 0.09060082919215845 0.3280904370511763 0.17233760626171307 0.09504782786896426 0.11736555233105087 0.07081732920646903 0.13397869178320876 0.10762751930943973 0.11981494797100166 2.3943866821573397e-9 0.044522315061880965 0.922857069113682 0.10771266258419593 0.11017270320860284 0.15883629879032615 0.1116154506582169 0.3281309294621459 0.06287237909292641 0.13404668494386807 0.7277509941244732 0.13228877163400696 0.20541824814632906 0.4460773101805894 0.04561365375311232 0.4191050565519373 0.15896859964616794 0.008076182029919799 0.040195593371383384 1.0 0.4763190030366739 0.09369168664515595 0.1257831298299803 0.07677218388086249 0.12057373036843295 0.05173713262903051 0.06273632210466268 0.1280546429862096 0.2519916401857319 0.052826510777265676 0.09636605253834866 0.010001083373970276 0.12384298611155412 0.07419414128580254 0.0318651638261583 0.017536977180547083 0.0561545194711871 0.034157719781287454 0.12128772478410509 0.06713177991258722 0.5502157271717685
0.20001032236606528 0.3533608309608554 0.4892033902614457 0.44391307378805195 0.27519025040511275 0.8805853819531467 0.4943790440234595 0.2905676100764898 0.34939576997925725 0.2131591852201729 0.3966851981075476 0.3321567358516195 0.3671538475069277 7.862635119453457e-9 0.13349279782238246 0.6415342539426084 0.33116453542924856 0.3442874309864843 0.5047147910156213 0.3353813001015503 0.8806759591446994 0.18972641501395815 0.3905761072451595 0.8250667843961701 0.4026501457635688 0.636887552524678 0.9794288100648187 0.14067762006615703 0.902042149668203 0.5015983468956886 0.02810657710770761 0.11967436798296688 0.4763190030366739 1.0 0.28682228646956676 0.37621796381737926 0.23272353297872111 0.3613296065538543 0.15591511283099754 0.18262229379517605 0.4107805623361474 0.7232259720690412 0.1582713080349525 0.321987564657048 0.02834864514682386 0.3740003478279531 0.22529851293752032 0.09411145645156818 0.05731726645550517 0.16924383354891617 0.10996038397245782 0.3590073248348523 0.20571327590001223 0.8546434305843551
0.8492581019024192 0.7399931336156812 0.581610940628762 0.5948291395783964 0.8797274501998271 0.4297633739519301 0.555239890261452 0.9933223659598327 0.7324231937282479 0.8775286414656803 0.6890746366239007 0.9555980877038133 0.904560775191997 1.0733835383074037e-6 0.6825738507121855 0.12744595812448117 0.9511043300901986 0.8501410416996238 0.7218263279594022 0.7926215821133203 0.42971061018458157 0.8395358464670353 0.670502388815825 0.17565865091262978 0.7010535952961634 0.6433099360818618 0.28725976132287884 0.6936572436138839 0.27066460940011056 0.7590936043324221 0.0972501493814859 0.6425630659399441 0.09369168664515595 0.28682228646956676 1.0 0.7314353444853497 0.9007416414636747 0.751279544561667 0.7548411500482392 0.613837545645785 0.8106674804217855 0.4537667724331155 0.7494741417739788 0.6551337693072544 0.1583508408640472 0.7371892335654419 0.8912414375327404 0.5043529344853919 0.21078889981939342 0.8033811582289163 0.4424452326128116 0.7027547710583558 0.874399807752294 0.23100791239775198
0.7531628506121123 0.9980834883709193 0.9247226767811583 0.9498275621504565 0.8893578770581874 0.5109571495836658 0.9080249143255054 0.7590701445375729 0.997156503432396 0.7544197618541789 0.9950741776856902 0.8405349433330925 0.8884303147386591 9.974426128376071e-9 0.5027585269570428 0.16907565438477845 0.8465488863419016 0.9387984732492446 0.5882903875694143 0.9843608321476973 0.5109357553782614 0.6649342031733773 0.9897900138937575 0.2487644254655723 0.9873859359999416 0.6273225439056702 0.3751561731145986 0.49884987073354614 0.31872339866290045 0.701381402674202 0.057950436965895205 0.39687866613157335 0.1257831298299803 0.37621796381737926 0.7314353444853497 1.0 0.7973434118762517 0.9983887859880066 0.5451002254392976 0.28692956096284744 0.6496425983727473 0.4858683829143196 0.54238555731292 0.5692299047729695 0.07879795203421337 0.9983601679456455 0.7547581696989365 0.3302735979162058 0.12149737135910302 0.5654263008109943 0.26870088292492805 0.9956236639900182 0.6951490934821339 0.28657089513170675
0.9769009017801569 0.8173141494607994 0.615331358385753 0.6441689732841933 0.9761521193245938 0.3375056902866263 0.5900607894835157 0.9224698273483908 0.8115209498588506 0.9922906415486791 0.7513180835747513 0.897249387702668 0.8591787256744232 3.7018529557524134e-7 0.8150492997176393 0.10311365128946746 0.8959334452208606 0.9004049212304358 0.5320994079484116 0.8734798543631699 0.33747693240919613 0.9578413847665431 0.7365465875710595 0.14952051391069038 0.755579346645774 0.4966124230471966 0.23173828875711536 0.8016027946345554 0.21030434252610042 0.6311014066416675 0.093847995587288 0.6878298256200517 0.07677218388086249 0.23272353297872111 0.9007416414636747 0.7973434118762517 1.0 0.8224525251444806 0.8618188260226215 0.4349774675118334 0.6548858871900218 0.3578715482329876 0.8594793702894152 0.5773753317422169 0.145367189483585 0.8024531397134954 0.9913298945711081 0.5802924030410972 0.2012816323394493 0.8877324944043813 0.43934568593392154 0.7791151323547397 0.9653531131044649 0.17931904130921061
0.7792707055949285 0.9992943987273439 0.9044641395904769 0.9327887714541062 0.9102825521376152 0.4954361151890823 0.886064752701659 0.7799569034107606 0.9979158925776364 0.7809218427813648 0.9883560019647739 0.8568156254397664 0.9001218263159554 1.1014169159988282e-8 0.5248773583904117 0.16205679922637817 0.8627036937978887 0.9499487415556364 0.586391079980287 0.9919349076925578 0.4954126577980221 0.690985121448887 0.9821851503526191 0.2381149707862697 0.9803724068091227 0.619405938287085 0.3596868609323555 0.5196773240575452 0.3077735642910129 0.7026874399808372 0.05936607124001732 0.4145273793012902 0.12057373036843295 0.3613296065538543 0.751279544561667 0.9983887859880066 0.8224525251444806 1.0 0.5686430507404163 0.29527355738267047 0.655171443076479 0.47518583105547735 0.5656641736461473 0.5716538512915534 0.08215775963381172 0.9969099932820056 0.780722673738007 0.3454126638788407 0.12520267126285806 0.5891720788213778 0.27790423908718065 0.9926386300722844 0.7206567433593799 0.27644731551157264
