1.0 0.5 0.4375 0.5555555555555556 0.55 0.3 0.6923076923076923 0.8461538461538461 0.7857142857142857 0.7142857142857143 0.45 0.7857142857142857 0.9166666666666666 0.2571428571428571 0.4782608695652174 0.1875 0.7857142857142857 0.38095238095238093 0.18181818181818182 0.5 0.3 0.391304347826087 0.47058823529411764 0.29411764705882354 0.5333333333333333 0.15789473684210525 0.35714285714285715 0.43478260869565216 0.16666666666666666 0.16 0.22727272727272727 0.4230769230769231 0.2222222222222222 0.2857142857142857 0.7333333333333333 0.5 0.45 0.5 0.42857142857142855 0.2 0.22727272727272727 0.12 0.36 0.25 0.5555555555555556 0.45 0.5625 0.4074074074074074 0.12 0.4230769230769231 0.17391304347826086 0.7692307692307693 0.6666666666666666 0.2857142857142857
0.5 1.0 0.5555555555555556 0.8333333333333334 0.8 0.55 0.35 0.5263157894736842 0.6666666666666666 0.45 0.7894736842105263 0.5 0.5555555555555556 0.4 0.625 0.14285714285714285 0.5 0.4782608695652174 0.4090909090909091 0.75 0.55 0.7619047619047619 0.42857142857142855 0.2857142857142857 0.3333333333333333 0.2857142857142857 0.3333333333333333 0.7272727272727273 0.2222222222222222 0.25925925925925924 0.391304347826087 0.5555555555555556 0.2857142857142857 0.2777777777777778 0.47619047619047616 0.8421052631578947 0.8888888888888888 0.8421052631578947 0.8421052631578947 0.25 0.23076923076923078 0.17857142857142858 0.6956521739130435 0.2962962962962963 0.43478260869565216 0.8888888888888888 0.5789473684210527 0.5925925925925926 0.2222222222222222 0.5555555555555556 0.28 0.47368421052631576 0.36363636363636365 0.2777777777777778
0.4375 0.5555555555555556 1.0 0.5263157894736842 0.45454545454545453 0.22727272727272727 0.6428571428571429 0.3888888888888889 0.625 0.47058823529411764 0.5 0.3684210526315789 0.4117647058823529 0.2857142857142857 0.34615384615384615 0.17647058823529413 0.3684210526315789 0.5789473684210527 0.17391304347826086 0.47619047619047616 0.22727272727272727 0.43478260869565216 0.5294117647058824 0.35294117647058826 0.6 0.21052631578947367 0.3333333333333333 0.4782608695652174 0.20833333333333334 0.15384615384615385 0.2727272727272727 0.35714285714285715 0.21052631578947367 0.26666666666666666 0.35 0.47619047619047616 0.5 0.47619047619047616 0.55 0.24 0.21739130434782608 0.16 0.4 0.24 0.6111111111111112 0.5 0.5294117647058824 0.3448275862068966 0.16 0.3103448275862069 0.2727272727272727 0.4117647058823529 0.4444444444444444 0.26666666666666666
0.5555555555555556 0.8333333333333334 0.5263157894736842 1.0 0.85 0.45454545454545453 0.47368421052631576 0.5789473684210527 0.7222222222222222 0.5 0.8421052631578947 0.55 0.6111111111111112 0.42857142857142855 0.6666666666666666 0.08695652173913043 0.55 0.4 0.3333333333333333 0.8947368421052632 0.45454545454545453 0.6521739130434783 0.47619047619047616 0.21739130434782608 0.38095238095238093 0.21739130434782608 0.25 0.6956521739130435 0.1724137931034483 0.20689655172413793 0.32 0.5925925925925926 0.21739130434782608 0.2 0.5238095238095238 0.8 0.75 0.8 0.7142857142857143 0.2413793103448276 0.2222222222222222 0.13333333333333333 0.6 0.2413793103448276 0.4782608695652174 0.75 0.47619047619047616 0.6296296296296297 0.1724137931034483 0.5925925925925926 0.2222222222222222 0.45 0.4090909090909091 0.2
0.55 0.8 0.45454545454545453 0.85 1.0 0.4583333333333333 0.4090909090909091 0.65 0.7 0.5 0.8095238095238095 0.5454545454545454 0.6 0.43243243243243246 0.72 0.12 0.5454545454545454 0.4074074074074074 0.34615384615384615 0.8571428571428571 0.4583333333333333 0.64 0.4782608695652174 0.24 0.391304347826087 0.24 0.2727272727272727 0.75 0.1935483870967742 0.22580645161290322 0.3333333333333333 0.5862068965517241 0.24 0.22727272727272727 0.5909090909090909 0.8571428571428571 0.7272727272727273 0.8571428571428571 0.6956521739130435 0.3 0.2857142857142857 0.15625 0.5925925925925926 0.25806451612903225 0.48 0.7272727272727273 0.4782608695652174 0.6206896551724138 0.1935483870967742 0.5862068965517241 0.2413793103448276 0.5238095238095238 0.4166666666666667 0.22727272727272727
0.3 0.55 0.22727272727272727 0.45454545454545453 0.4583333333333333 1.0 0.18181818181818182 0.3333333333333333 0.3181818181818182 0.4 0.43478260869565216 0.45 0.35 0.3333333333333333 0.52 0.21052631578947367 0.45 0.2222222222222222 0.6666666666666666 0.4166666666666667 1.0 0.5 0.2608695652173913 0.3684210526315789 0.17391304347826086 0.3 0.35294117647058826 0.4230769230769231 0.23076923076923078 0.5 0.47619047619047616 0.5185185185185185 0.3684210526315789 0.29411764705882354 0.42857142857142855 0.4782608695652174 0.5714285714285714 0.4782608695652174 0.5454545454545454 0.21428571428571427 0.34782608695652173 0.23076923076923078 0.46153846153846156 0.3076923076923077 0.23076923076923078 0.65 0.38095238095238093 0.5 0.28 0.5185185185185185 0.19230769230769232 0.2857142857142857 0.20833333333333334 0.4666666666666667
0.6923076923076923 0.35 0.6428571428571429 0.47368421052631576 0.4090909090909091 0.18181818181818182 1.0 0.6 0.5625 0.6 0.38095238095238093 0.5625 0.6428571428571429 0.2571428571428571 0.36 0.1875 0.5625 0.38095238095238093 0.13043478260869565 0.42857142857142855 0.18181818181818182 0.28 0.47058823529411764 0.29411764705882354 0.7692307692307693 0.15789473684210525 0.35714285714285715 0.375 0.16666666666666666 0.11538461538461539 0.22727272727272727 0.37037037037037035 0.2222222222222222 0.2857142857142857 0.5294117647058824 0.36363636363636365 0.3181818181818182 0.36363636363636365 0.36363636363636365 0.2 0.22727272727272727 0.12 0.25925925925925924 0.25 0.6470588235294118 0.3181818181818182 0.3888888888888889 0.3103448275862069 0.12 0.32142857142857145 0.22727272727272727 0.5333333333333333 0.6666666666666666 0.2
0.8461538461538461 0.5263157894736842 0.3888888888888889 0.5789473684210527 0.65 0.3333333333333333 0.6 1.0 0.6875 0.625 0.55 0.8 0.9230769230769231 0.2777777777777778 0.5 0.16666666666666666 0.8 0.34782608695652173 0.21739130434782608 0.6 0.3333333333333333 0.4166666666666667 0.5 0.2631578947368421 0.5625 0.2 0.4 0.5217391304347826 0.2 0.19230769230769232 0.2608695652173913 0.4444444444444444 0.2631578947368421 0.3333333333333333 0.8666666666666667 0.6 0.47619047619047616 0.6 0.45454545454545453 0.28 0.3181818181818182 0.15384615384615385 0.38461538461538464 0.28 0.5 0.47619047619047616 0.5 0.42857142857142855 0.15384615384615385 0.4444444444444444 0.20833333333333334 0.7857142857142857 0.5882352941176471 0.25
0.7857142857142857 0.6666666666666666 0.625 0.7222222222222222 0.7 0.3181818181818182 0.5625 0.6875 1.0 0.6875 0.6 0.6470588235294118 0.7333333333333333 0.34285714285714286 0.5416666666666666 0.15789473684210525 0.6470588235294118 0.5238095238095238 0.20833333333333334 0.65 0.3181818181818182 0.5217391304347826 0.5555555555555556 0.3157894736842105 0.4444444444444444 0.19047619047619047 0.29411764705882354 0.5652173913043478 0.19230769230769232 0.18518518518518517 0.25 0.48148148148148145 0.19047619047619047 0.23529411764705882 0.6111111111111112 0.65 0.6 0.65 0.5714285714285714 0.2692307692307692 0.25 0.14814814814814814 0.48 0.2222222222222222 0.631578947368421 0.6 0.6470588235294118 0.5185185185185185 0.14814814814814814 0.48148148148148145 0.2 0.625 0.5555555555555556 0.3125
0.7142857142857143 0.45 0.47058823529411764 0.5 0.5 0.4 0.6 0.625 0.6875 1.0 0.4090909090909091 0.5882352941176471 0.6666666666666666 0.2777777777777778 0.44 0.23529411764705882 0.5882352941176471 0.4090909090909091 0.21739130434782608 0.45454545454545453 0.4 0.4166666666666667 0.5882352941176471 0.4117647058823529 0.47058823529411764 0.2 0.23529411764705882 0.4 0.25 0.24 0.38095238095238093 0.4444444444444444 0.2631578947368421 0.17647058823529413 0.5555555555555556 0.45454545454545453 0.47619047619047616 0.45454545454545453 0.45454545454545453 0.28 0.38095238095238093 0.2 0.38461538461538464 0.28 0.5789473684210527 0.4090909090909091 0.5882352941176471 0.42857142857142855 0.2 0.4444444444444444 0.16 0.5625 0.5882352941176471 0.5384615384615384
0.45 0.7894736842105263 0.5 0.8421052631578947 0.8095238095238095 0.43478260869565216 0.38095238095238093 0.55 0.6 0.4090909090909091 1.0 0.45454545454545453 0.5 0.3783783783783784 0.5769230769230769 0.08333333333333333 0.45454545454545453 0.38461538461538464 0.32 0.85 0.43478260869565216 0.625 0.5238095238095238 0.20833333333333334 0.5 0.20833333333333334 0.23809523809523808 0.8181818181818182 0.16666666666666666 0.2 0.3076923076923077 0.5172413793103449 0.20833333333333334 0.19047619047619047 0.5 0.9473684210526315 0.7142857142857143 0.9473684210526315 0.6818181818181818 0.27586206896551724 0.25925925925925924 0.12903225806451613 0.5769230769230769 0.27586206896551724 0.4 0.7142857142857143 0.5238095238095238 0.5517241379310345 0.16666666666666666 0.5172413793103449 0.21428571428571427 0.5789473684210527 0.3333333333333333 0.19047619047619047
0.7857142857142857 0.5 0.3684210526315789 0.55 0.5454545454545454 0.45 0.5625 0.8 0.6470588235294118 0.5882352941176471 0.45454545454545453 1.0 0.8571428571428571 0.34285714285714286 0.6086956521739131 0.15789473684210525 1.0 0.3333333333333333 0.3181818181818182 0.5 0.45 0.4 0.4 0.25 0.4444444444444444 0.19047619047619047 0.375 0.44 0.19230769230769232 0.28 0.25 0.5384615384615384 0.25 0.3125 0.9333333333333333 0.5 0.45454545454545453 0.5 0.43478260869565216 0.2222222222222222 0.25 0.14814814814814814 0.37037037037037035 0.2692307692307692 0.47619047619047616 0.6 0.47368421052631576 0.5185185185185185 0.14814814814814814 0.5384615384615384 0.2 0.625 0.5555555555555556 0.23529411764705882
0.9166666666666666 0.5555555555555556 0.4117647058823529 0.6111111111111112 0.6 0.35 0.6428571428571429 0.9230769230769231 0.7333333333333333 0.6666666666666666 0.5 0.8571428571428571 1.0 0.2857142857142857 0.5217391304347826 0.17647058823529413 0.8571428571428571 0.36363636363636365 0.22727272727272727 0.55 0.35 0.43478260869565216 0.4444444444444444 0.2777777777777778 0.5 0.21052631578947367 0.42857142857142855 0.4782608695652174 0.20833333333333334 0.2 0.2727272727272727 0.46153846153846156 0.2777777777777778 0.35714285714285715 0.8 0.55 0.5 0.55 0.47619047619047616 0.24 0.2727272727272727 0.16 0.4 0.2916666666666667 0.5263157894736842 0.5 0.5294117647058824 0.4444444444444444 0.16 0.46153846153846156 0.21739130434782608 0.7142857142857143 0.625 0.26666666666666666
0.2571428571428571 0.4 0.2857142857142857 0.42857142857142855 0.43243243243243246 0.3333333333333333 0.2571428571428571 0.2777777777777778 0.34285714285714286 0.2777777777777778 0.3783783783783784 0.34285714285714286 0.2857142857142857 1.0 0.5555555555555556 0.17142857142857143 0.34285714285714286 0.24390243902439024 0.4117647058823529 0.40540540540540543 0.3333333333333333 0.42105263157894735 0.2702702702702703 0.1891891891891892 0.21621621621621623 0.2571428571428571 0.20588235294117646 0.4473684210526316 0.19047619047619047 0.275 0.2894736842105263 0.5526315789473685 0.2571428571428571 0.21212121212121213 0.3333333333333333 0.40540540540540543 0.45714285714285713 0.40540540540540543 0.4857142857142857 0.23809523809523808 0.2564102564102564 0.19047619047619047 0.47368421052631576 0.2682926829268293 0.3157894736842105 0.45714285714285713 0.3055555555555556 0.6216216216216216 0.28205128205128205 0.475 0.32432432432432434 0.21621621621621623 0.23684210526315788 0.14285714285714285
0.4782608695652174 0.625 0.34615384615384615 0.6666666666666666 0.72 0.52 0.36 0.5 0.5416666666666666 0.44 0.5769230769230769 0.6086956521739131 0.5217391304347826 0.5555555555555556 1.0 0.10714285714285714 0.6086956521739131 0.3225806451612903 0.4074074074074074 0.6153846153846154 0.52 0.5714285714285714 0.37037037037037035 0.25925925925925924 0.2962962962962963 0.21428571428571427 0.24 0.5517241379310345 0.17647058823529413 0.3225806451612903 0.3448275862068966 0.6896551724137931 0.21428571428571427 0.2 0.5833333333333334 0.6153846153846154 0.5769230769230769 0.6153846153846154 0.5555555555555556 0.2 0.21875 0.17647058823529413 0.5333333333333333 0.2727272727272727 0.3793103448275862 0.7083333333333334 0.37037037037037035 0.7857142857142857 0.21212121212121213 0.6333333333333333 0.25806451612903225 0.4 0.37037037037037035 0.2
0.1875 0.14285714285714285 0.17647058823529413 0.08695652173913043 0.12 0.21052631578947367 0.1875 0.16666666666666666 0.15789473684210525 0.23529411764705882 0.08333333333333333 0.15789473684210525 0.17647058823529413 0.17142857142857143 0.10714285714285714 1.0 0.15789473684210525 0.18181818181818182 0.4375 0.08 0.21052631578947367 0.16 0.15789473684210525 0.35714285714285715 0.17647058823529413 0.7272727272727273 0.3333333333333333 0.15384615384615385 0.25 0.23809523809523808 0.2631578947368421 0.21428571428571427 0.46153846153846156 0.36363636363636365 0.15 0.125 0.23809523809523808 0.125 0.2857142857142857 0.22727272727272727 0.3333333333333333 0.25 0.19230769230769232 0.2857142857142857 0.19047619047619047 0.13043478260869565 0.29411764705882354 0.16666666666666666 0.25 0.1724137931034483 0.2 0.17647058823529413 0.2222222222222222 0.36363636363636365
0.7857142857142857 0.5 0.3684210526315789 0.55 0.5454545454545454 0.45 0.5625 0.8 0.6470588235294118 0.5882352941176471 0.45454545454545453 1.0 0.8571428571428571 0.34285714285714286 0.6086956521739131 0.15789473684210525 1.0 0.3333333333333333 0.3181818181818182 0.5 0.45 0.4 0.4 0.25 0.4444444444444444 0.19047619047619047 0.375 0.44 0.19230769230769232 0.28 0.25 0.5384615384615384 0.25 0.3125 0.9333333333333333 0.5 0.45454545454545453 0.5 0.43478260869565216 0.2222222222222222 0.25 0.14814814814814814 0.37037037037037035 0.2692307692307692 0.47619047619047616 0.6 0.47368421052631576 0.5185185185185185 0.14814814814814814 0.5384615384615384 0.2 0.625 0.5555555555555556 0.23529411764705882
0.38095238095238093 0.4782608695652174 0.5789473684210527 0.4 0.4074074074074074 0.2222222222222222 0.38095238095238093 0.34782608695652173 0.5238095238095238 0.4090909090909091 0.38461538461538464 0.3333333333333333 0.36363636363636365 0.24390243902439024 0.3225806451612903 0.18181818181818182 0.3333333333333333 1.0 0.17857142857142858 0.37037037037037035 0.2222222222222222 0.39285714285714285 0.391304347826087 0.3181818181818182 0.36363636363636365 0.20833333333333334 0.23809523809523808 0.42857142857142855 0.4 0.16129032258064516 0.25925925925925924 0.3333333333333333 0.20833333333333334 0.19047619047619047 0.32 0.4230769230769231 0.44 0.4230769230769231 0.48 0.23333333333333334 0.21428571428571427 0.34615384615384615 0.36666666666666664 0.23333333333333334 0.4583333333333333 0.44 0.45454545454545453 0.3235294117647059 0.16666666666666666 0.29411764705882354 0.21428571428571427 0.36363636363636365 0.391304347826087 0.25
0.18181818181818182 0.4090909090909091 0.17391304347826086 0.3333333333333333 0.34615384615384615 0.6666666666666666 0.13043478260869565 0.21739130434782608 0.20833333333333334 0.21739130434782608 0.32 0.3181818181818182 0.22727272727272727 0.4117647058823529 0.4074074074074074 0.4375 0.3181818181818182 0.17857142857142858 1.0 0.3076923076923077 0.6666666666666666 0.38461538461538464 0.16 0.3 0.125 0.5294117647058824 0.35294117647058826 0.37037037037037035 0.28 0.5 0.4090909090909091 0.5185185185185185 0.4444444444444444 0.375 0.30434782608695654 0.36 0.5 0.36 0.5454545454545454 0.25925925925925924 0.34782608695652173 0.28 0.4074074074074074 0.3076923076923077 0.18518518518518517 0.5 0.3181818181818182 0.4482758620689655 0.3333333333333333 0.4642857142857143 0.24 0.17391304347826086 0.16 0.29411764705882354
0.5 0.75 0.47619047619047616 0.8947368421052632 0.8571428571428571 0.4166666666666667 0.42857142857142855 0.6 0.65 0.45454545454545453 0.85 0.5 0.55 0.40540540540540543 0.6153846153846154 0.08 0.5 0.37037037037037035 0.3076923076923077 1.0 0.4166666666666667 0.6 0.5 0.2 0.4090909090909091 0.2 0.22727272727272727 0.7083333333333334 0.2 0.1935483870967742 0.2962962962962963 0.5517241379310345 0.2 0.18181818181818182 0.5454545454545454 0.8095238095238095 0.6818181818181818 0.8095238095238095 0.6521739130434783 0.3103448275862069 0.25 0.16129032258064516 0.5555555555555556 0.22580645161290322 0.5 0.6818181818181818 0.43478260869565216 0.6428571428571429 0.16129032258064516 0.5517241379310345 0.20689655172413793 0.47619047619047616 0.375 0.18181818181818182
0.3 0.55 0.22727272727272727 0.45454545454545453 0.4583333333333333 1.0 0.18181818181818182 0.3333333333333333 0.3181818181818182 0.4 0.43478260869565216 0.45 0.35 0.3333333333333333 0.52 0.21052631578947367 0.45 0.2222222222222222 0.6666666666666666 0.4166666666666667 1.0 0.5 0.2608695652173913 0.3684210526315789 0.17391304347826086 0.3 0.35294117647058826 0.4230769230769231 0.23076923076923078 0.5 0.47619047619047616 0.5185185185185185 0.3684210526315789 0.29411764705882354 0.42857142857142855 0.4782608695652174 0.5714285714285714 0.4782608695652174 0.5454545454545454 0.21428571428571427 0.34782608695652173 0.23076923076923078 0.46153846153846156 0.3076923076923077 0.23076923076923078 0.65 0.38095238095238093 0.5 0.28 0.5185185185185185 0.19230769230769232 0.2857142857142857 0.20833333333333334 0.4666666666666667
0.391304347826087 0.7619047619047619 0.43478260869565216 0.6521739130434783 0.64 0.5 0.28 0.4166666666666667 0.5217391304347826 0.4166666666666667 0.625 0.4 0.43478260869565216 0.42105263157894735 0.5714285714285714 0.16 0.4 0.39285714285714285 0.38461538461538464 0.6 0.5 1.0 0.5217391304347826 0.3333333333333333 0.2692307692307692 0.28 0.2608695652173913 0.5925925925925926 0.22580645161290322 0.3 0.4230769230769231 0.5666666666666667 0.28 0.21739130434782608 0.38461538461538464 0.6666666666666666 0.7727272727272727 0.6666666666666666 0.7391304347826086 0.25 0.23333333333333334 0.22580645161290322 0.8333333333333334 0.3333333333333333 0.35714285714285715 0.6956521739130435 0.5217391304347826 0.6551724137931034 0.26666666666666666 0.5161290322580645 0.27586206896551724 0.375 0.2962962962962963 0.2727272727272727
0.47058823529411764 0.42857142857142855 0.5294117647058824 0.47619047619047616 0.4782608695652174 0.2608695652173913 0.47058823529411764 0.5 0.5555555555555556 0.5882352941176471 0.5238095238095238 0.4 0.4444444444444444 0.2702702702702703 0.37037037037037035 0.15789473684210525 0.4 0.391304347826087 0.16 0.5 0.2608695652173913 0.5217391304347826 1.0 0.3888888888888889 0.5294117647058824 0.13636363636363635 0.15789473684210525 0.44 0.19230769230769232 0.18518518518518517 0.30434782608695654 0.3793103448275862 0.19047619047619047 0.10526315789473684 0.45 0.5 0.45454545454545453 0.5 0.43478260869565216 0.32 0.30434782608695654 0.19230769230769232 0.48 0.2692307692307692 0.47619047619047616 0.391304347826087 0.5555555555555556 0.41379310344827586 0.19230769230769232 0.3333333333333333 0.15384615384615385 0.5294117647058824 0.4 0.3125
0.29411764705882354 0.2857142857142857 0.35294117647058826 0.21739130434782608 0.24 0.3684210526315789 0.29411764705882354 0.2631578947368421 0.3157894736842105 0.4117647058823529 0.20833333333333334 0.25 0.2777777777777778 0.1891891891891892 0.25925925925925924 0.35714285714285715 0.25 0.3181818181818182 0.3 0.2 0.3684210526315789 0.3333333333333333 0.3888888888888889 1.0 0.2777777777777778 0.29411764705882354 0.35714285714285715 0.2692307692307692 0.2727272727272727 0.38095238095238093 0.42105263157894735 0.32142857142857145 0.375 0.2857142857142857 0.23809523809523808 0.25 0.3181818181818182 0.25 0.36363636363636365 0.25 0.35 0.47368421052631576 0.3076923076923077 0.36363636363636365 0.3333333333333333 0.2608695652173913 0.3888888888888889 0.26666666666666666 0.3333333333333333 0.27586206896551724 0.22727272727272727 0.2777777777777778 0.3888888888888889 0.5
0.5333333333333333 0.3333333333333333 0.6 0.38095238095238093 0.391304347826087 0.17391304347826086 0.7692307692307693 0.5625 0.4444444444444444 0.47058823529411764 0.5 0.4444444444444444 0.5 0.21621621621621623 0.2962962962962963 0.17647058823529413 0.4444444444444444 0.36363636363636365 0.125 0.4090909090909091 0.17391304347826086 0.2692307692307692 0.5294117647058824 0.2777777777777778 1.0 0.15 0.3333333333333333 0.4782608695652174 0.16 0.1111111111111111 0.21739130434782608 0.3103448275862069 0.21052631578947367 0.26666666666666666 0.5 0.47619047619047616 0.30434782608695654 0.47619047619047616 0.34782608695652173 0.24 0.2727272727272727 0.11538461538461539 0.25 0.2916666666666667 0.5263157894736842 0.30434782608695654 0.4444444444444444 0.25806451612903225 0.11538461538461539 0.26666666666666666 0.21739130434782608 0.7142857142857143 0.5294117647058824 0.1875
0.15789473684210525 0.2857142857142857 0.21052631578947367 0.21739130434782608 0.24 0.3 0.15789473684210525 0.2 0.19047619047619047 0.2 0.20833333333333334 0.19047619047619047 0.21052631578947367 0.2571428571428571 0.21428571428571427 0.7272727272727273 0.19047619047619047 0.20833333333333334 0.5294117647058824 0.2 0.3 0.28 0.13636363636363635 0.29411764705882354 0.15 1.0 0.35714285714285715 0.2692307692307692 0.2727272727272727 0.2608695652173913 0.35 0.32142857142857145 0.5714285714285714 0.38461538461538464 0.18181818181818182 0.25 0.38095238095238093 0.25 0.42857142857142855 0.25 0.35 0.2727272727272727 0.3076923076923077 0.36363636363636365 0.16666666666666666 0.2608695652173913 0.25 0.26666666666666666 0.3333333333333333 0.27586206896551724 0.35 0.15 0.19047619047619047 0.2857142857142857
0.35714285714285715 0.3333333333333333 0.3333333333333333 0.25 0.2727272727272727 0.35294117647058826 0.35714285714285715 0.4 0.29411764705882354 0.23529411764705882 0.23809523809523808 0.375 0.42857142857142855 0.20588235294117646 0.24 0.3333333333333333 0.375 0.23809523809523808 0.35294117647058826 0.22727272727272727 0.35294117647058826 0.2608695652173913 0.15789473684210525 0.35714285714285715 0.3333333333333333 0.35714285714285715 1.0 0.30434782608695654 0.25 0.3 0.3333333333333333 0.25925925925925924 0.46153846153846156 0.875 0.35294117647058826 0.2857142857142857 0.3 0.2857142857142857 0.35 0.22727272727272727 0.3333333333333333 0.25 0.24 0.2857142857142857 0.3157894736842105 0.3 0.29411764705882354 0.20689655172413793 0.25 0.21428571428571427 0.3333333333333333 0.3333333333333333 0.29411764705882354 0.36363636363636365
0.43478260869565216 0.7272727272727273 0.4782608695652174 0.6956521739130435 0.75 0.4230769230769231 0.375 0.5217391304347826 0.5652173913043478 0.4 0.8181818181818182 0.44 0.4782608695652174 0.4473684210526316 0.5517241379310345 0.15384615384615385 0.44 0.42857142857142855 0.37037037037037035 0.7083333333333334 0.4230769230769231 0.5925925925925926 0.44 0.2692307692307692 0.4782608695652174 0.2692307692307692 0.30434782608695654 1.0 0.21875 0.25 0.35714285714285715 0.5483870967741935 0.32 0.2608695652173913 0.48 0.8636363636363636 0.6666666666666666 0.8636363636363636 0.7083333333333334 0.3225806451612903 0.35714285714285715 0.18181818181818182 0.5517241379310345 0.3225806451612903 0.4444444444444444 0.6666666666666666 0.5 0.53125 0.25806451612903225 0.5 0.3103448275862069 0.5454545454545454 0.38461538461538464 0.20833333333333334
0.16666666666666666 0.2222222222222222 0.20833333333333334 0.1724137931034483 0.1935483870967742 0.23076923076923078 0.16666666666666666 0.2 0.19230769230769232 0.25 0.16666666666666666 0.19230769230769232 0.20833333333333334 0.19047619047619047 0.17647058823529413 0.25 0.19230769230769232 0.4 0.28 0.2 0.23076923076923078 0.22580645161290322 0.19230769230769232 0.2727272727272727 0.16 0.2727272727272727 0.25 0.21875 1.0 0.20689655172413793 0.2692307692307692 0.22857142857142856 0.2727272727272727 0.2631578947368421 0.18518518518518517 0.2 0.25 0.2 0.2857142857142857 0.44 0.2692307692307692 0.7 0.21212121212121213 0.2 0.3076923076923077 0.20689655172413793 0.24 0.2222222222222222 0.36 0.19444444444444445 0.13793103448275862 0.16 0.19230769230769232 0.2631578947368421
0.16 0.25925925925925924 0.15384615384615385 0.20689655172413793 0.22580645161290322 0.5 0.11538461538461539 0.19230769230769232 0.18518518518518517 0.24 0.2 0.28 0.2 0.275 0.3225806451612903 0.23809523809523808 0.28 0.16129032258064516 0.5 0.1935483870967742 0.5 0.3 0.18518518518518517 0.38095238095238093 0.1111111111111111 0.2608695652173913 0.3 0.25 0.20689655172413793 1.0 0.4782608695652174 0.41935483870967744 0.2608695652173913 0.25 0.2692307692307692 0.23333333333333334 0.2857142857142857 0.23333333333333334 0.32142857142857145 0.1935483870967742 0.36 0.2962962962962963 0.28125 0.32142857142857145 0.16666666666666666 0.3333333333333333 0.23076923076923078 0.3235294117647059 0.34615384615384615 0.3333333333333333 0.3076923076923077 0.15384615384615385 0.18518518518518517 0.3157894736842105
0.22727272727272727 0.391304347826087 0.2727272727272727 0.32 0.3333333333333333 0.47619047619047616 0.22727272727272727 0.2608695652173913 0.25 0.38095238095238093 0.3076923076923077 0.25 0.2727272727272727 0.2894736842105263 0.3448275862068966 0.2631578947368421 0.25 0.25925925925925924 0.4090909090909091 0.2962962962962963 0.47619047619047616 0.4230769230769231 0.30434782608695654 0.42105263157894735 0.21739130434782608 0.35 0.3333333333333333 0.35714285714285715 0.2692307692307692 0.4782608695652174 1.0 0.4482758620689655 0.42105263157894735 0.2777777777777778 0.24 0.34615384615384615 0.4166666666666667 0.34615384615384615 0.4583333333333333 0.25 0.391304347826087 0.32 0.39285714285714285 0.5217391304347826 0.2692307692307692 0.36 0.30434782608695654 0.34375 0.5 0.3125 0.391304347826087 0.21739130434782608 0.25 0.4375
0.4230769230769231 0.5555555555555556 0.35714285714285715 0.5925925925925926 0.5862068965517241 0.5185185185185185 0.37037037037037035 0.4444444444444444 0.48148148148148145 0.4444444444444444 0.5172413793103449 0.5384615384615384 0.46153846153846156 0.5526315789473685 0.6896551724137931 0.21428571428571427 0.5384615384615384 0.3333333333333333 0.5185185185185185 0.5517241379310345 0.5185185185185185 0.5666666666666667 0.3793103448275862 0.32142857142857145 0.3103448275862069 0.32142857142857145 0.25925925925925924 0.5483870967741935 0.22857142857142856 0.41935483870967744 0.4482758620689655 1.0 0.32142857142857145 0.2222222222222222 0.5185185185185185 0.5517241379310345 0.6296296296296297 0.5517241379310345 0.6666666666666666 0.25 0.2727272727272727 0.22857142857142856 0.5806451612903226 0.40625 0.3870967741935484 0.6296296296296297 0.42857142857142855 0.7096774193548387 0.30303030303030304 0.7333333333333333 0.3125 0.35714285714285715 0.42857142857142855 0.2222222222222222
0.2222222222222222 0.2857142857142857 0.21052631578947367 0.21739130434782608 0.24 0.3684210526315789 0.2222222222222222 0.2631578947368421 0.19047619047619047 0.2631578947368421 0.20833333333333334 0.25 0.2777777777777778 0.2571428571428571 0.21428571428571427 0.46153846153846156 0.25 0.20833333333333334 0.4444444444444444 0.2 0.3684210526315789 0.28 0.19047619047619047 0.375 0.21052631578947367 0.5714285714285714 0.46153846153846156 0.32 0.2727272727272727 0.2608695652173913 0.42105263157894735 0.32142857142857145 1.0 0.38461538461538464 0.23809523809523808 0.25 0.38095238095238093 0.25 0.42857142857142855 0.25 0.42105263157894735 0.2727272727272727 0.3076923076923077 0.42857142857142855 0.21739130434782608 0.2608695652173913 0.3157894736842105 0.26666666666666666 0.4 0.27586206896551724 0.35 0.21052631578947367 0.25 0.38461538461538464
0.2857142857142857 0.2777777777777778 0.26666666666666666 0.2 0.22727272727272727 0.29411764705882354 0.2857142857142857 0.3333333333333333 0.23529411764705882 0.17647058823529413 0.19047619047619047 0.3125 0.35714285714285715 0.21212121212121213 0.2 0.36363636363636365 0.3125 0.19047619047619047 0.375 0.18181818181818182 0.29411764705882354 0.21739130434782608 0.10526315789473684 0.2857142857142857 0.26666666666666666 0.38461538461538464 0.875 0.2608695652173913 0.2631578947368421 0.25 0.2777777777777778 0.2222222222222222 0.38461538461538464 1.0 0.29411764705882354 0.23809523809523808 0.25 0.23809523809523808 0.3 0.23809523809523808 0.2777777777777778 0.2631578947368421 0.2 0.23809523809523808 0.2631578947368421 0.25 0.23529411764705882 0.1724137931034483 0.2631578947368421 0.17857142857142858 0.2777777777777778 0.26666666666666666 0.23529411764705882 0.2727272727272727
0.7333333333333333 0.47619047619047616 0.35 0.5238095238095238 0.5909090909090909 0.42857142857142855 0.5294117647058824 0.8666666666666667 0.6111111111111112 0.5555555555555556 0.5 0.9333333333333333 0.8 0.3333333333333333 0.5833333333333334 0.15 0.9333333333333333 0.32 0.30434782608695654 0.5454545454545454 0.42857142857142855 0.38461538461538464 0.45 0.23809523809523808 0.5 0.18181818181818182 0.35294117647058826 0.48 0.18518518518518517 0.2692307692307692 0.24 0.5185185185185185 0.23809523809523808 0.29411764705882354 1.0 0.5454545454545454 0.43478260869565216 0.5454545454545454 0.4166666666666667 0.25925925925925924 0.2916666666666667 0.14285714285714285 0.35714285714285715 0.25925925925925924 0.45454545454545453 0.5714285714285714 0.45 0.5 0.14285714285714285 0.5185185185185185 0.19230769230769232 0.6875 0.5263157894736842 0.2222222222222222
0.5 0.8421052631578947 0.47619047619047616 0.8 0.8571428571428571 0.4782608695652174 0.36363636363636365 0.6 0.65 0.45454545454545453 0.9473684210526315 0.5 0.55 0.40540540540540543 0.6153846153846154 0.125 0.5 0.4230769230769231 0.36 0.8095238095238095 0.4782608695652174 0.6666666666666666 0.5 0.25 0.47619047619047616 0.25 0.2857142857142857 0.8636363636363636 0.2 0.23333333333333334 0.34615384615384615 0.5517241379310345 0.25 0.23809523809523808 0.5454545454545454 1.0 0.7619047619047619 1.0 0.7272727272727273 0.3103448275862069 0.2962962962962963 0.16129032258064516 0.6153846153846154 0.3103448275862069 0.44 0.7619047619047619 0.5714285714285714 0.5862068965517241 0.2 0.5517241379310345 0.25 0.631578947368421 0.375 0.23809523809523808
0.45 0.8888888888888888 0.5 0.75 0.7272727272727273 0.5714285714285714 0.3181818181818182 0.47619047619047616 0.6 0.47619047619047616 0.7142857142857143 0.45454545454545453 0.5 0.45714285714285713 0.5769230769230769 0.23809523809523808 0.45454545454545453 0.44 0.5 0.6818181818181818 0.5714285714285714 0.7727272727272727 0.45454545454545453 0.3181818181818182 0.30434782608695654 0.38095238095238093 0.3 0.6666666666666666 0.25 0.2857142857142857 0.4166666666666667 0.6296296296296297 0.38095238095238093 0.25 0.43478260869565216 0.7619047619047619 1.0 0.7619047619047619 0.9473684210526315 0.27586206896551724 0.25925925925925924 0.20689655172413793 0.782608695652174 0.37037037037037035 0.4 0.8 0.6842105263157895 0.6666666666666666 0.25 0.6296296296296297 0.25925925925925924 0.42857142857142855 0.3333333333333333 0.3157894736842105
0.5 0.8421052631578947 0.47619047619047616 0.8 0.8571428571428571 0.4782608695652174 0.36363636363636365 0.6 0.65 0.45454545454545453 0.9473684210526315 0.5 0.55 0.40540540540540543 0.6153846153846154 0.125 0.5 0.4230769230769231 0.36 0.8095238095238095 0.4782608695652174 0.6666666666666666 0.5 0.25 0.47619047619047616 0.25 0.2857142857142857 0.8636363636363636 0.2 0.23333333333333334 0.34615384615384615 0.5517241379310345 0.25 0.23809523809523808 0.5454545454545454 1.0 0.7619047619047619 1.0 0.7272727272727273 0.3103448275862069 0.2962962962962963 0.16129032258064516 0.6153846153846154 0.3103448275862069 0.44 0.7619047619047619 0.5714285714285714 0.5862068965517241 0.2 0.5517241379310345 0.25 0.631578947368421 0.375 0.23809523809523808
0.42857142857142855 0.8421052631578947 0.55 0.7142857142857143 0.6956521739130435 0.5454545454545454 0.36363636363636365 0.45454545454545453 0.5714285714285714 0.45454545454545453 0.6818181818181818 0.43478260869565216 0.47619047619047616 0.4857142857142857 0.5555555555555556 0.2857142857142857 0.43478260869565216 0.48 0.5454545454545454 0.6521739130434783 0.5454545454545454 0.7391304347826086 0.43478260869565216 0.36363636363636365 0.34782608695652173 0.42857142857142855 0.35 0.7083333333333334 0.2857142857142857 0.32142857142857145 0.4583333333333333 0.6666666666666666 0.42857142857142855 0.3 0.4166666666666667 0.7272727272727273 0.9473684210526315 0.7272727272727273 1.0 0.3103448275862069 0.2962962962962963 0.2413793103448276 0.75 0.4074074074074074 0.44 0.7619047619047619 0.65 0.6428571428571429 0.2857142857142857 0.6071428571428571 0.2962962962962963 0.4090909090909091 0.375 0.3
0.2 0.25 0.24 0.2413793103448276 0.3 0.21428571428571427 0.2 0.28 0.2692307692307692 0.28 0.27586206896551724 0.2222222222222222 0.24 0.23809523809523808 0.2 0.22727272727272727 0.2222222222222222 0.23333333333333334 0.25925925925925924 0.3103448275862069 0.21428571428571427 0.25 0.32 0.25 0.24 0.25 0.22727272727272727 0.3225806451612903 0.44 0.1935483870967742 0.25 0.25 0.25 0.23809523809523808 0.25925925925925924 0.3103448275862069 0.27586206896551724 0.3103448275862069 0.3103448275862069 1.0 0.34615384615384615 0.3333333333333333 0.23529411764705882 0.22580645161290322 0.38461538461538464 0.23333333333333334 0.2692307692307692 0.2777777777777778 0.3333333333333333 0.21621621621621623 0.12903225806451613 0.24 0.2222222222222222 0.23809523809523808
0.22727272727272727 0.23076923076923078 0.21739130434782608 0.2222222222222222 0.2857142857142857 0.34782608695652173 0.22727272727272727 0.3181818181818182 0.25 0.38095238095238093 0.25925925925925924 0.25 0.2727272727272727 0.2564102564102564 0.21875 0.3333333333333333 0.25 0.21428571428571427 0.34782608695652173 0.25 0.34782608695652173 0.23333333333333334 0.30434782608695654 0.35 0.2727272727272727 0.35 0.3333333333333333 0.35714285714285715 0.2692307692307692 0.36 0.391304347826087 0.2727272727272727 0.42105263157894735 0.2777777777777778 0.2916666666666667 0.2962962962962963 0.25925925925925924 0.2962962962962963 0.2962962962962963 0.34615384615384615 1.0 0.2692307692307692 0.21875 0.25 0.2692307692307692 0.21428571428571427 0.25 0.22857142857142856 0.375 0.23529411764705882 0.3333333333333333 0.2727272727272727 0.25 0.4375
0.12 0.17857142857142858 0.16 0.13333333333333333 0.15625 0.23076923076923078 0.12 0.15384615384615385 0.14814814814814814 0.2 0.12903225806451613 0.14814814814814814 0.16 0.19047619047619047 0.17647058823529413 0.25 0.14814814814814814 0.34615384615384615 0.28 0.16129032258064516 0.23076923076923078 0.22580645161290322 0.19230769230769232 0.47368421052631576 0.11538461538461539 0.2727272727272727 0.25 0.18181818181818182 0.7 0.2962962962962963 0.32 0.22857142857142856 0.2727272727272727 0.2631578947368421 0.14285714285714285 0.16129032258064516 0.20689655172413793 0.16129032258064516 0.2413793103448276 0.3333333333333333 0.2692307692307692 1.0 0.21212121212121213 0.2413793103448276 0.25925925925925924 0.16666666666666666 0.19230769230769232 0.2222222222222222 0.3076923076923077 0.19444444444444445 0.17857142857142858 0.11538461538461539 0.19230769230769232 0.2631578947368421
0.36 0.6956521739130435 0.4 0.6 0.5925925925925926 0.46153846153846156 0.25925925925925924 0.38461538461538464 0.48 0.38461538461538464 0.5769230769230769 0.37037037037037035 0.4 0.47368421052631576 0.5333333333333333 0.19230769230769232 0.37037037037037035 0.36666666666666664 0.4074074074074074 0.5555555555555556 0.46153846153846156 0.8333333333333334 0.48 0.3076923076923077 0.25 0.3076923076923077 0.24 0.5517241379310345 0.21212121212121213 0.28125 0.39285714285714285 0.5806451612903226 0.3076923076923077 0.2 0.35714285714285715 0.6153846153846154 0.782608695652174 0.6153846153846154 0.75 0.23529411764705882 0.21875 0.21212121212121213 1.0 0.3548387096774194 0.3333333333333333 0.64 0.5416666666666666 0.6666666666666666 0.25 0.53125 0.25806451612903225 0.34615384615384615 0.27586206896551724 0.25
0.25 0.2962962962962963 0.24 0.2413793103448276 0.25806451612903225 0.3076923076923077 0.25 0.28 0.2222222222222222 0.28 0.27586206896551724 0.2692307692307692 0.2916666666666667 0.2682926829268293 0.2727272727272727 0.2857142857142857 0.2692307692307692 0.23333333333333334 0.3076923076923077 0.22580645161290322 0.3076923076923077 0.3333333333333333 0.2692307692307692 0.36363636363636365 0.2916666666666667 0.36363636363636365 0.2857142857142857 0.3225806451612903 0.2 0.32142857142857145 0.5217391304347826 0.40625 0.42857142857142855 0.23809523809523808 0.25925925925925924 0.3103448275862069 0.37037037037037035 0.3103448275862069 0.4074074074074074 0.22580645161290322 0.25 0.2413793103448276 0.3548387096774194 1.0 0.2413793103448276 0.27586206896551724 0.375 0.3142857142857143 0.38461538461538464 0.2857142857142857 0.4 0.2916666666666667 0.2692307692307692 0.23809523809523808
0.5555555555555556 0.43478260869565216 0.6111111111111112 0.4782608695652174 0.48 0.23076923076923078 0.6470588235294118 0.5 0.631578947368421 0.5789473684210527 0.4 0.47619047619047616 0.5263157894736842 0.3157894736842105 0.3793103448275862 0.19047619047619047 0.47619047619047616 0.4583333333333333 0.18518518518518517 0.5 0.23076923076923078 0.35714285714285715 0.47619047619047616 0.3333333333333333 0.5263157894736842 0.16666666666666666 0.3157894736842105 0.4444444444444444 0.3076923076923077 0.16666666666666666 0.2692307692307692 0.3870967741935484 0.21739130434782608 0.2631578947368421 0.45454545454545453 0.44 0.4 0.44 0.44 0.38461538461538464 0.2692307692307692 0.25925925925925924 0.3333333333333333 0.2413793103448276 1.0 0.4 0.47619047619047616 0.41935483870967744 0.1724137931034483 0.34375 0.2222222222222222 0.45 0.55 0.2631578947368421
0.45 0.8888888888888888 0.5 0.75 0.7272727272727273 0.65 0.3181818181818182 0.47619047619047616 0.6 0.4090909090909091 0.7142857142857143 0.6 0.5 0.45714285714285713 0.7083333333333334 0.13043478260869565 0.6 0.44 0.5 0.6818181818181818 0.65 0.6956521739130435 0.391304347826087 0.2608695652173913 0.30434782608695654 0.2608695652173913 0.3 0.6666666666666666 0.20689655172413793 0.3333333333333333 0.36 0.6296296296296297 0.2608695652173913 0.25 0.5714285714285714 0.7619047619047619 0.8 0.7619047619047619 0.7619047619047619 0.23333333333333334 0.21428571428571427 0.16666666666666666 0.64 0.27586206896551724 0.4 1.0 0.5238095238095238 0.6666666666666666 0.20689655172413793 0.6296296296296297 0.25925925925925924 0.42857142857142855 0.3333333333333333 0.25
0.5625 0.5789473684210527 0.5294117647058824 0.47619047619047616 0.4782608695652174 0.38095238095238093 0.3888888888888889 0.5 0.6470588235294118 0.5882352941176471 0.5238095238095238 0.47368421052631576 0.5294117647058824 0.3055555555555556 0.37037037037037035 0.29411764705882354 0.47368421052631576 0.45454545454545453 0.3181818181818182 0.43478260869565216 0.38095238095238093 0.5217391304347826 0.5555555555555556 0.3888888888888889 0.4444444444444444 0.25 0.29411764705882354 0.5 0.24 0.23076923076923078 0.30434782608695654 0.42857142857142855 0.3157894736842105 0.23529411764705882 0.45 0.5714285714285714 0.6842105263157895 0.5714285714285714 0.65 0.2692307692307692 0.25 0.19230769230769232 0.5416666666666666 0.375 0.47619047619047616 0.5238095238095238 1.0 0.4642857142857143 0.19230769230769232 0.42857142857142855 0.15384615384615385 0.625 0.4 0.4
0.4074074074074074 0.5925925925925926 0.3448275862068966 0.6296296296296297 0.6206896551724138 0.5 0.3103448275862069 0.42857142857142855 0.5185185185185185 0.42857142857142855 0.5517241379310345 0.5185185185185185 0.4444444444444444 0.6216216216216216 0.7857142857142857 0.16666666666666666 0.5185185185185185 0.3235294117647059 0.4482758620689655 0.6428571428571429 0.5 0.6551724137931034 0.41379310344827586 0.26666666666666666 0.25806451612903225 0.26666666666666666 0.20689655172413793 0.53125 0.2222222222222222 0.3235294117647059 0.34375 0.7096774193548387 0.26666666666666666 0.1724137931034483 0.5 0.5862068965517241 0.6666666666666666 0.5862068965517241 0.6428571428571429 0.2777777777777778 0.22857142857142856 0.2222222222222222 0.6666666666666666 0.3142857142857143 0.41935483870967744 0.6666666666666666 0.4642857142857143 1.0 0.2222222222222222 0.65625 0.22857142857142856 0.3448275862068966 0.3225806451612903 0.21428571428571427
